play_id,sequence_number,type,description,away_score,home_score,period,clock,scoring_play,team_id,timestamp_utc
401823343114532254,114532254,Jumpball,Start game,0,0,1st Half,20:00,False,,2025-11-19T00:02:47Z
401823343114532255,114532255,Jumpball,Jump Ball won by George Mason,0,0,1st Half,19:58,False,2244,2025-11-19T00:02:49Z
401823343114532256,114532256,Jumpball,Jump Ball lost by Jacksonville,0,0,1st Half,19:58,False,294,2025-11-19T00:02:49Z
401823343114532325,114532325,JumpShot,Kory Mincy missed Jumper.,0,0,1st Half,19:43,False,2244,2025-11-19T00:03:05Z
401823343114532346,114532346,Defensive Rebound,Jason Thirdkill Jr. Defensive Rebound.,0,0,1st Half,19:40,False,294,2025-11-19T00:03:07Z
401823343114532361,114532361,PersonalFoul,Foul on Jason Thirdkill Jr..,0,0,1st Half,19:31,False,294,2025-11-19T00:03:23Z
401823343114532362,114532362,Lost Ball Turnover,Jason Thirdkill Jr. Turnover.,0,0,1st Half,19:31,False,294,2025-11-19T00:03:23Z
401823343114532502,114532502,Lost Ball Turnover,Dola Adebayo Turnover.,0,0,1st Half,19:19,False,2244,2025-11-19T00:03:45Z
401823343114532708,114532708,Lost Ball Turnover,Evan Sterck Turnover.,0,0,1st Half,18:49,False,294,2025-11-19T00:04:30Z
401823343114532709,114532709,Steal,Kory Mincy Steal.,0,0,1st Half,18:49,False,2244,2025-11-19T00:04:30Z
401823343114532710,114532710,LayUpShot,Kory Mincy made Layup.,0,2,1st Half,18:43,True,2244,2025-11-19T00:04:35Z
401823343114532870,114532870,PersonalFoul,Foul on Malik Presley.,0,2,1st Half,18:13,False,2244,2025-11-19T00:05:08Z
401823343114533099,114533099,Lost Ball Turnover,Evan Sterck Turnover.,0,2,1st Half,17:56,False,294,2025-11-19T00:06:16Z
401823343114533100,114533100,Steal,Riley Allenspach Steal.,0,2,1st Half,17:56,False,2244,2025-11-19T00:06:16Z
401823343114533214,114533214,LayUpShot,Riley Allenspach made Layup. Assisted by Dola Adebayo.,0,4,1st Half,17:39,True,2244,2025-11-19T00:06:33Z
401823343114533343,114533343,Lost Ball Turnover,Donovan Rivers Turnover.,0,4,1st Half,17:07,False,294,2025-11-19T00:07:05Z
401823343114533344,114533344,Steal,Dola Adebayo Steal.,0,4,1st Half,17:07,False,2244,2025-11-19T00:07:05Z
401823343114533397,114533397,LayUpShot,Malik Presley made Layup. Assisted by Jahari Long.,0,6,1st Half,17:04,True,2244,2025-11-19T00:07:11Z
401823343114533430,114533430,PersonalFoul,Foul on Jaylen Jones.,0,6,1st Half,17:04,False,294,2025-11-19T00:07:19Z
401823343114533474,114533474,Substitution,Hayden Wood subbing out for Jacksonville,0,6,1st Half,17:04,False,294,2025-11-19T00:07:39Z
401823343114533475,114533475,Substitution,Jason Thirdkill Jr. subbing out for Jacksonville,0,6,1st Half,17:04,False,294,2025-11-19T00:07:39Z
401823343114533476,114533476,Substitution,Donovan Rivers subbing out for Jacksonville,0,6,1st Half,17:04,False,294,2025-11-19T00:07:39Z
401823343114533477,114533477,Substitution,Jaylen Jordon subbing in for Jacksonville,0,6,1st Half,17:04,False,294,2025-11-19T00:07:39Z
401823343114533481,114533481,Substitution,Chris Arias subbing in for Jacksonville,0,6,1st Half,17:04,False,294,2025-11-19T00:07:39Z
401823343114533482,114533482,Substitution,Enrico Borio subbing in for Jacksonville,0,6,1st Half,17:04,False,294,2025-11-19T00:07:39Z
401823343114533544,114533544,MadeFreeThrow,Malik Presley made Free Throw.,0,7,1st Half,17:04,True,2244,2025-11-19T00:07:45Z
401823343114533684,114533684,Lost Ball Turnover,Jaylen Jordon Turnover.,0,7,1st Half,16:42,False,294,2025-11-19T00:08:21Z
401823343114533752,114533752,DunkShot,Dola Adebayo made Dunk. Assisted by Jahari Long.,0,9,1st Half,16:29,True,2244,2025-11-19T00:08:44Z
401823343114533763,114533763,JumpShot,Chris Arias made Three Point Jumper. Assisted by Jaylen Jones.,3,9,1st Half,16:18,True,294,2025-11-19T00:08:55Z
401823343114533867,114533867,JumpShot,Dola Adebayo missed Three Point Jumper.,3,9,1st Half,15:53,False,2244,2025-11-19T00:09:20Z
401823343114533869,114533869,Defensive Rebound,Jaylen Jordon Defensive Rebound.,3,9,1st Half,15:50,False,294,2025-11-19T00:09:23Z
401823343114533886,114533886,JumpShot,Chris Arias missed Three Point Jumper.,3,9,1st Half,15:35,False,294,2025-11-19T00:09:38Z
401823343114533948,114533948,Defensive Rebound,Jahari Long Defensive Rebound.,3,9,1st Half,15:32,False,2244,2025-11-19T00:09:41Z
401823343114533975,114533975,Lost Ball Turnover,Malik Presley Turnover.,3,9,1st Half,15:16,False,2244,2025-11-19T00:10:00Z
401823343114534023,114534023,OfficialTVTimeOut,Official TV Timeout,3,9,1st Half,15:16,False,,2025-11-19T00:10:03Z
401823343114534445,114534445,Substitution,Dola Adebayo subbing out for George Mason,3,9,1st Half,15:16,False,2244,2025-11-19T00:12:17Z
401823343114534467,114534467,Substitution,Masai Troutman subbing in for George Mason,3,9,1st Half,15:16,False,2244,2025-11-19T00:12:17Z
401823343114534468,114534468,Substitution,Jaylen Jones subbing out for Jacksonville,3,9,1st Half,15:16,False,294,2025-11-19T00:12:17Z
401823343114534469,114534469,Substitution,Evan Sterck subbing out for Jacksonville,3,9,1st Half,15:16,False,294,2025-11-19T00:12:17Z
401823343114534470,114534470,Substitution,Simon Wheeler subbing in for Jacksonville,3,9,1st Half,15:16,False,294,2025-11-19T00:12:17Z
401823343114534471,114534471,Substitution,Chris Lockett Jr. subbing in for Jacksonville,3,9,1st Half,15:16,False,294,2025-11-19T00:12:17Z
401823343114534660,114534660,JumpShot,Jaylen Jordon made Jumper.,5,9,1st Half,14:46,True,294,2025-11-19T00:13:04Z
401823343114534755,114534755,PersonalFoul,Foul on Riley Allenspach.,5,9,1st Half,14:32,False,2244,2025-11-19T00:13:23Z
401823343114534757,114534757,Lost Ball Turnover,Riley Allenspach Turnover.,5,9,1st Half,14:32,False,2244,2025-11-19T00:13:23Z
401823343114534840,114534840,JumpShot,Jaylen Jordon missed Jumper.,5,9,1st Half,14:14,False,294,2025-11-19T00:13:49Z
401823343114534865,114534865,Defensive Rebound,Riley Allenspach Defensive Rebound.,5,9,1st Half,14:11,False,2244,2025-11-19T00:13:51Z
401823343114534906,114534906,PersonalFoul,Foul on Jaylen Jordon.,5,9,1st Half,14:04,False,294,2025-11-19T00:14:02Z
401823343114534994,114534994,MadeFreeThrow,Riley Allenspach missed Free Throw.,5,9,1st Half,14:04,False,2244,2025-11-19T00:14:21Z
401823343114534995,114534995,Dead Ball Rebound,George Mason Deadball Team Rebound.,5,9,1st Half,14:04,False,2244,2025-11-19T00:14:21Z
401823343114535056,114535056,MadeFreeThrow,Riley Allenspach missed Free Throw.,5,9,1st Half,14:04,False,2244,2025-11-19T00:14:34Z
401823343114535058,114535058,Defensive Rebound,Chris Arias Defensive Rebound.,5,9,1st Half,14:04,False,294,2025-11-19T00:14:36Z
401823343114535176,114535176,Lost Ball Turnover,Simon Wheeler Turnover.,5,9,1st Half,13:39,False,294,2025-11-19T00:15:02Z
401823343114535238,114535238,Substitution,Malik Presley subbing out for George Mason,5,9,1st Half,13:39,False,2244,2025-11-19T00:15:11Z
401823343114535239,114535239,Substitution,Riley Allenspach subbing out for George Mason,5,9,1st Half,13:39,False,2244,2025-11-19T00:15:11Z
401823343114535240,114535240,Substitution,Dola Adebayo subbing in for George Mason,5,9,1st Half,13:39,False,2244,2025-11-19T00:15:11Z
401823343114535241,114535241,Substitution,Nick Ellington subbing in for George Mason,5,9,1st Half,13:39,False,2244,2025-11-19T00:15:11Z
401823343114535396,114535396,JumpShot,Masai Troutman made Three Point Jumper. Assisted by Kory Mincy.,5,12,1st Half,13:11,True,2244,2025-11-19T00:15:44Z
401823343114535433,114535433,PersonalFoul,Foul on Simon Wheeler.,5,12,1st Half,13:11,False,294,2025-11-19T00:15:47Z
401823343114535520,114535520,MadeFreeThrow,Masai Troutman made Free Throw.,5,13,1st Half,13:11,True,2244,2025-11-19T00:16:18Z
401823343114535730,114535730,Lost Ball Turnover,Chris Lockett Jr. Turnover.,5,13,1st Half,12:44,False,294,2025-11-19T00:16:52Z
401823343114535731,114535731,Steal,Kory Mincy Steal.,5,13,1st Half,12:44,False,2244,2025-11-19T00:16:52Z
401823343114535732,114535732,Lost Ball Turnover,Kory Mincy Turnover.,5,13,1st Half,12:40,False,2244,2025-11-19T00:16:58Z
401823343114535809,114535809,Substitution,Jahari Long subbing out for George Mason,5,13,1st Half,12:40,False,2244,2025-11-19T00:17:21Z
401823343114535810,114535810,Substitution,Malik Presley subbing in for George Mason,5,13,1st Half,12:40,False,2244,2025-11-19T00:17:21Z
401823343114535811,114535811,Substitution,Jaylen Jordon subbing out for Jacksonville,5,13,1st Half,12:40,False,294,2025-11-19T00:17:21Z
401823343114535812,114535812,Substitution,Simon Wheeler subbing out for Jacksonville,5,13,1st Half,12:40,False,294,2025-11-19T00:17:21Z
401823343114535814,114535814,Substitution,Chris Lockett Jr. subbing out for Jacksonville,5,13,1st Half,12:40,False,294,2025-11-19T00:17:21Z
401823343114535817,114535817,Substitution,Jaylen Jones subbing in for Jacksonville,5,13,1st Half,12:40,False,294,2025-11-19T00:17:21Z
401823343114535819,114535819,Substitution,Allen Udemadu subbing in for Jacksonville,5,13,1st Half,12:40,False,294,2025-11-19T00:17:21Z
401823343114535820,114535820,Substitution,Evan Sterck subbing in for Jacksonville,5,13,1st Half,12:40,False,294,2025-11-19T00:17:21Z
401823343114535821,114535821,LayUpShot,Jaylen Jones missed Layup.,5,13,1st Half,12:32,False,294,2025-11-19T00:17:22Z
401823343114535823,114535823,Block Shot,Nick Ellington Block.,5,13,1st Half,12:32,False,2244,2025-11-19T00:17:22Z
401823343114535825,114535825,Offensive Rebound,Enrico Borio Offensive Rebound.,5,13,1st Half,12:27,False,294,2025-11-19T00:17:28Z
401823343114535873,114535873,JumpShot,Enrico Borio made Three Point Jumper. Assisted by Jaylen Jones.,8,13,1st Half,12:16,True,294,2025-11-19T00:17:39Z
401823343114536005,114536005,JumpShot,Masai Troutman made Jumper.,8,15,1st Half,11:53,True,2244,2025-11-19T00:18:02Z
401823343114536047,114536047,JumpShot,Chris Arias missed Three Point Jumper.,8,15,1st Half,11:40,False,294,2025-11-19T00:18:15Z
401823343114536048,114536048,Defensive Rebound,Malik Presley Defensive Rebound.,8,15,1st Half,11:40,False,2244,2025-11-19T00:18:16Z
401823343114536090,114536090,Lost Ball Turnover,Malik Presley Turnover.,8,15,1st Half,11:40,False,2244,2025-11-19T00:18:23Z
401823343114536159,114536159,OfficialTVTimeOut,Official TV Timeout,8,15,1st Half,11:40,False,,2025-11-19T00:18:42Z
401823343114536707,114536707,Substitution,Chris Arias subbing out for Jacksonville,8,15,1st Half,11:40,False,294,2025-11-19T00:20:53Z
401823343114536709,114536709,Substitution,Enrico Borio subbing out for Jacksonville,8,15,1st Half,11:40,False,294,2025-11-19T00:20:53Z
401823343114536711,114536711,Substitution,Hayden Wood subbing in for Jacksonville,8,15,1st Half,11:40,False,294,2025-11-19T00:20:53Z
401823343114536712,114536712,Substitution,Jason Thirdkill Jr. subbing in for Jacksonville,8,15,1st Half,11:40,False,294,2025-11-19T00:20:53Z
401823343114536789,114536789,JumpShot,Jaylen Jones missed Three Point Jumper.,8,15,1st Half,11:27,False,294,2025-11-19T00:21:14Z
401823343114536791,114536791,Offensive Rebound,Evan Sterck Offensive Rebound.,8,15,1st Half,11:24,False,294,2025-11-19T00:21:16Z
401823343114536831,114536831,JumpShot,Jaylen Jones missed Three Point Jumper.,8,15,1st Half,11:18,False,294,2025-11-19T00:21:24Z
401823343114536832,114536832,Dead Ball Rebound,Jacksonville Deadball Team Rebound.,8,15,1st Half,11:18,False,294,2025-11-19T00:21:30Z
401823343114536833,114536833,Lost Ball Turnover,Jacksonville  Turnover.,8,15,1st Half,11:18,False,294,2025-11-19T00:21:30Z
401823343114536994,114536994,Lost Ball Turnover,Dola Adebayo Turnover.,8,15,1st Half,10:53,False,2244,2025-11-19T00:22:01Z
401823343114536998,114536998,Steal,Jaylen Jones Steal.,8,15,1st Half,10:53,False,294,2025-11-19T00:22:01Z
401823343114536999,114536999,LayUpShot,Hayden Wood made Layup. Assisted by Jaylen Jones.,10,15,1st Half,10:48,True,294,2025-11-19T00:22:06Z
401823343114537072,114537072,JumpShot,Nick Ellington missed Jumper.,10,15,1st Half,10:24,False,2244,2025-11-19T00:22:29Z
401823343114537100,114537100,Defensive Rebound,Jason Thirdkill Jr. Defensive Rebound.,10,15,1st Half,10:22,False,294,2025-11-19T00:22:32Z
401823343114537193,114537193,JumpShot,Evan Sterck missed Jumper.,10,15,1st Half,9:54,False,294,2025-11-19T00:22:59Z
401823343114537212,114537212,Offensive Rebound,Allen Udemadu Offensive Rebound.,10,15,1st Half,9:52,False,294,2025-11-19T00:23:02Z
401823343114537215,114537215,Lost Ball Turnover,Jacksonville  Turnover.,10,15,1st Half,9:51,False,294,2025-11-19T00:23:05Z
401823343114537285,114537285,Substitution,Kory Mincy subbing out for George Mason,10,15,1st Half,9:51,False,2244,2025-11-19T00:23:21Z
401823343114537306,114537306,Substitution,Dola Adebayo subbing out for George Mason,10,15,1st Half,9:51,False,2244,2025-11-19T00:23:21Z
401823343114537307,114537307,Substitution,Jahari Long subbing in for George Mason,10,15,1st Half,9:51,False,2244,2025-11-19T00:23:21Z
401823343114537308,114537308,Substitution,Emmanuel Kanga subbing in for George Mason,10,15,1st Half,9:51,False,2244,2025-11-19T00:23:21Z
401823343114537400,114537400,PersonalFoul,Foul on Hayden Wood.,10,15,1st Half,9:32,False,294,2025-11-19T00:23:50Z
401823343114537443,114537443,Substitution,Allen Udemadu subbing out for Jacksonville,10,15,1st Half,9:32,False,294,2025-11-19T00:24:08Z
401823343114537444,114537444,Substitution,Donovan Rivers subbing in for Jacksonville,10,15,1st Half,9:32,False,294,2025-11-19T00:24:08Z
401823343114537483,114537483,LayUpShot,Nick Ellington made Layup. Assisted by Jahari Long.,10,17,1st Half,9:31,True,2244,2025-11-19T00:24:20Z
401823343114537557,114537557,JumpShot,Donovan Rivers made Jumper.,12,17,1st Half,9:16,True,294,2025-11-19T00:24:36Z
401823343114537611,114537611,PersonalFoul,Foul on Emmanuel Kanga.,12,17,1st Half,9:16,False,2244,2025-11-19T00:24:39Z
401823343114537692,114537692,MadeFreeThrow,Donovan Rivers made Free Throw.,13,17,1st Half,9:16,True,294,2025-11-19T00:25:06Z
401823343114537867,114537867,PersonalFoul,Foul on Donovan Rivers.,13,17,1st Half,8:54,False,294,2025-11-19T00:25:54Z
401823343114538042,114538042,MadeFreeThrow,Masai Troutman made Free Throw.,13,18,1st Half,8:54,True,2244,2025-11-19T00:26:30Z
401823343114538044,114538044,Substitution,Malik Presley subbing out for George Mason,13,18,1st Half,8:54,False,2244,2025-11-19T00:26:36Z
401823343114538045,114538045,Substitution,Kory Mincy subbing in for George Mason,13,18,1st Half,8:54,False,2244,2025-11-19T00:26:36Z
401823343114538116,114538116,MadeFreeThrow,Masai Troutman made Free Throw.,13,19,1st Half,8:54,True,2244,2025-11-19T00:26:54Z
401823343114538201,114538201,JumpShot,Jason Thirdkill Jr. missed Three Point Jumper.,13,19,1st Half,8:33,False,294,2025-11-19T00:27:18Z
401823343114538222,114538222,Defensive Rebound,George Mason Defensive Rebound.,13,19,1st Half,8:32,False,2244,2025-11-19T00:27:20Z
401823343114538269,114538269,Substitution,Hayden Wood subbing out for Jacksonville,13,19,1st Half,8:32,False,294,2025-11-19T00:27:31Z
401823343114538270,114538270,Substitution,Evan Sterck subbing out for Jacksonville,13,19,1st Half,8:32,False,294,2025-11-19T00:27:31Z
401823343114538272,114538272,Substitution,Chris Arias subbing in for Jacksonville,13,19,1st Half,8:32,False,294,2025-11-19T00:27:31Z
401823343114538273,114538273,Substitution,Simon Wheeler subbing in for Jacksonville,13,19,1st Half,8:32,False,294,2025-11-19T00:27:31Z
401823343114538409,114538409,Lost Ball Turnover,Masai Troutman Turnover.,13,19,1st Half,8:08,False,2244,2025-11-19T00:28:04Z
401823343114538511,114538511,DunkShot,Jason Thirdkill Jr. missed Dunk.,13,19,1st Half,7:51,False,294,2025-11-19T00:28:32Z
401823343114538513,114538513,Defensive Rebound,Emmanuel Kanga Defensive Rebound.,13,19,1st Half,7:47,False,2244,2025-11-19T00:28:35Z
401823343114538553,114538553,PersonalFoul,Foul on Jason Thirdkill Jr..,13,19,1st Half,7:47,False,294,2025-11-19T00:28:46Z
401823343114538600,114538600,OfficialTVTimeOut,Official TV Timeout,13,19,1st Half,7:47,False,,2025-11-19T00:28:54Z
401823343114539069,114539069,Substitution,Nick Ellington subbing out for George Mason,13,19,1st Half,7:47,False,2244,2025-11-19T00:31:10Z
401823343114539070,114539070,Substitution,Dola Adebayo subbing in for George Mason,13,19,1st Half,7:47,False,2244,2025-11-19T00:31:10Z
401823343114539071,114539071,Substitution,Jason Thirdkill Jr. subbing out for Jacksonville,13,19,1st Half,7:47,False,294,2025-11-19T00:31:10Z
401823343114539072,114539072,Substitution,Enrico Borio subbing in for Jacksonville,13,19,1st Half,7:47,False,294,2025-11-19T00:31:10Z
401823343114539107,114539107,MadeFreeThrow,Emmanuel Kanga made Free Throw.,13,20,1st Half,7:47,True,2244,2025-11-19T00:31:27Z
401823343114539154,114539154,MadeFreeThrow,Emmanuel Kanga missed Free Throw.,13,20,1st Half,7:47,False,2244,2025-11-19T00:31:43Z
401823343114539155,114539155,Defensive Rebound,Enrico Borio Defensive Rebound.,13,20,1st Half,7:46,False,294,2025-11-19T00:31:45Z
401823343114539248,114539248,Lost Ball Turnover,Enrico Borio Turnover.,13,20,1st Half,7:22,False,294,2025-11-19T00:32:09Z
401823343114539265,114539265,Steal,Emmanuel Kanga Steal.,13,20,1st Half,7:22,False,2244,2025-11-19T00:32:09Z
401823343114539345,114539345,PersonalFoul,Foul on Simon Wheeler.,13,20,1st Half,6:59,False,294,2025-11-19T00:32:35Z
401823343114539468,114539468,Substitution,Emmanuel Kanga subbing out for George Mason,13,20,1st Half,6:59,False,2244,2025-11-19T00:32:55Z
401823343114539469,114539469,Substitution,Riley Allenspach subbing in for George Mason,13,20,1st Half,6:59,False,2244,2025-11-19T00:32:55Z
401823343114539471,114539471,Substitution,Jaylen Jones subbing out for Jacksonville,13,20,1st Half,6:59,False,294,2025-11-19T00:32:55Z
401823343114539472,114539472,Substitution,Simon Wheeler subbing out for Jacksonville,13,20,1st Half,6:59,False,294,2025-11-19T00:32:55Z
401823343114539473,114539473,Substitution,Chris Lockett Jr. subbing in for Jacksonville,13,20,1st Half,6:59,False,294,2025-11-19T00:32:55Z
401823343114539474,114539474,Substitution,Evan Sterck subbing in for Jacksonville,13,20,1st Half,6:59,False,294,2025-11-19T00:32:55Z
401823343114539536,114539536,MadeFreeThrow,Masai Troutman made Free Throw.,13,21,1st Half,6:59,True,2244,2025-11-19T00:33:10Z
401823343114539607,114539607,MadeFreeThrow,Masai Troutman made Free Throw.,13,22,1st Half,6:59,True,2244,2025-11-19T00:33:32Z
401823343114539681,114539681,JumpShot,Enrico Borio missed Three Point Jumper.,13,22,1st Half,6:43,False,294,2025-11-19T00:33:51Z
401823343114539682,114539682,Defensive Rebound,Riley Allenspach Defensive Rebound.,13,22,1st Half,6:40,False,2244,2025-11-19T00:33:53Z
401823343114539742,114539742,JumpShot,Kory Mincy made Three Point Jumper. Assisted by Masai Troutman.,13,25,1st Half,6:31,True,2244,2025-11-19T00:34:04Z
401823343114539836,114539836,PersonalFoul,Foul on Kory Mincy.,13,25,1st Half,6:09,False,2244,2025-11-19T00:34:27Z
401823343114539919,114539919,Substitution,Masai Troutman subbing out for George Mason,13,25,1st Half,6:09,False,2244,2025-11-19T00:34:44Z
401823343114539920,114539920,Substitution,Malik Presley subbing in for George Mason,13,25,1st Half,6:09,False,2244,2025-11-19T00:34:44Z
401823343114539921,114539921,Substitution,Donovan Rivers subbing out for Jacksonville,13,25,1st Half,6:09,False,294,2025-11-19T00:34:44Z
401823343114539922,114539922,Substitution,Jaylen Jordon subbing in for Jacksonville,13,25,1st Half,6:09,False,294,2025-11-19T00:34:44Z
401823343114540072,114540072,Lost Ball Turnover,Enrico Borio Turnover.,13,25,1st Half,5:51,False,294,2025-11-19T00:35:12Z
401823343114540073,114540073,Steal,Malik Presley Steal.,13,25,1st Half,5:51,False,2244,2025-11-19T00:35:12Z
401823343114540182,114540182,Lost Ball Turnover,Jahari Long Turnover.,13,25,1st Half,5:30,False,2244,2025-11-19T00:35:32Z
401823343114540184,114540184,Steal,Chris Arias Steal.,13,25,1st Half,5:30,False,294,2025-11-19T00:35:32Z
401823343114540230,114540230,LayUpShot,Jaylen Jordon made Layup. Assisted by Chris Lockett Jr..,15,25,1st Half,5:16,True,294,2025-11-19T00:35:46Z
401823343114540324,114540324,PersonalFoul,Foul on Jaylen Jordon.,15,25,1st Half,4:58,False,294,2025-11-19T00:36:07Z
401823343114540462,114540462,MadeFreeThrow,Malik Presley missed Free Throw.,15,25,1st Half,4:58,False,2244,2025-11-19T00:36:34Z
401823343114540464,114540464,Dead Ball Rebound,George Mason Deadball Team Rebound.,15,25,1st Half,4:58,False,2244,2025-11-19T00:36:34Z
401823343114540504,114540504,Substitution,Enrico Borio subbing out for Jacksonville,15,25,1st Half,4:58,False,294,2025-11-19T00:36:41Z
401823343114540526,114540526,Substitution,Hayden Wood subbing in for Jacksonville,15,25,1st Half,4:58,False,294,2025-11-19T00:36:41Z
401823343114540566,114540566,Substitution,Kory Mincy subbing out for George Mason,15,25,1st Half,4:58,False,2244,2025-11-19T00:36:57Z
401823343114540567,114540567,Substitution,Dola Adebayo subbing out for George Mason,15,25,1st Half,4:58,False,2244,2025-11-19T00:36:57Z
401823343114540568,114540568,Substitution,Masai Troutman subbing in for George Mason,15,25,1st Half,4:58,False,2244,2025-11-19T00:36:57Z
401823343114540570,114540570,Substitution,Nick Ellington subbing in for George Mason,15,25,1st Half,4:58,False,2244,2025-11-19T00:36:57Z
401823343114540621,114540621,MadeFreeThrow,Malik Presley missed Free Throw.,15,25,1st Half,4:58,False,2244,2025-11-19T00:37:07Z
401823343114540622,114540622,Defensive Rebound,Chris Lockett Jr. Defensive Rebound.,15,25,1st Half,4:56,False,294,2025-11-19T00:37:09Z
401823343114540760,114540760,PersonalFoul,Foul on Jaylen Jordon.,15,25,1st Half,4:43,False,294,2025-11-19T00:37:27Z
401823343114540762,114540762,Lost Ball Turnover,Jaylen Jordon Turnover.,15,25,1st Half,4:43,False,294,2025-11-19T00:37:27Z
401823343114540784,114540784,Substitution,Jaylen Jordon subbing out for Jacksonville,15,25,1st Half,4:43,False,294,2025-11-19T00:37:37Z
401823343114540806,114540806,Substitution,Donovan Rivers subbing in for Jacksonville,15,25,1st Half,4:43,False,294,2025-11-19T00:37:37Z
401823343114540895,114540895,JumpShot,Masai Troutman missed Jumper.,15,25,1st Half,4:25,False,2244,2025-11-19T00:37:59Z
401823343114540961,114540961,Offensive Rebound,George Mason Offensive Rebound.,15,25,1st Half,4:24,False,2244,2025-11-19T00:38:01Z
401823343114541022,114541022,JumpShot,Nick Ellington missed Jumper.,15,25,1st Half,4:19,False,2244,2025-11-19T00:38:22Z
401823343114541023,114541023,Offensive Rebound,Riley Allenspach Offensive Rebound.,15,25,1st Half,4:16,False,2244,2025-11-19T00:38:24Z
401823343114541025,114541025,Lost Ball Turnover,Riley Allenspach Turnover.,15,25,1st Half,4:15,False,2244,2025-11-19T00:38:26Z
401823343114541046,114541046,Steal,Chris Lockett Jr. Steal.,15,25,1st Half,4:15,False,294,2025-11-19T00:38:26Z
401823343114541090,114541090,JumpShot,Chris Arias missed Three Point Jumper.,15,25,1st Half,4:07,False,294,2025-11-19T00:38:34Z
401823343114541092,114541092,Defensive Rebound,Masai Troutman Defensive Rebound.,15,25,1st Half,4:04,False,2244,2025-11-19T00:38:37Z
401823343114541171,114541171,LayUpShot,Masai Troutman missed Layup.,15,25,1st Half,3:45,False,2244,2025-11-19T00:38:56Z
401823343114541230,114541230,Defensive Rebound,Hayden Wood Defensive Rebound.,15,25,1st Half,3:45,False,294,2025-11-19T00:39:02Z
401823343114541231,114541231,PersonalFoul,Foul on Riley Allenspach.,15,25,1st Half,3:45,False,2244,2025-11-19T00:39:04Z
401823343114541233,114541233,OfficialTVTimeOut,Official TV Timeout,15,25,1st Half,3:45,False,,2025-11-19T00:39:09Z
401823343114541821,114541821,Substitution,Nick Ellington subbing out for George Mason,15,25,1st Half,3:45,False,2244,2025-11-19T00:41:35Z
401823343114541824,114541824,Substitution,Riley Allenspach subbing out for George Mason,15,25,1st Half,3:45,False,2244,2025-11-19T00:41:35Z
401823343114541825,114541825,Substitution,Kory Mincy subbing in for George Mason,15,25,1st Half,3:45,False,2244,2025-11-19T00:41:35Z
401823343114541846,114541846,Substitution,Emmanuel Kanga subbing in for George Mason,15,25,1st Half,3:45,False,2244,2025-11-19T00:41:35Z
401823343114541956,114541956,JumpShot,Chris Arias missed Jumper.,15,25,1st Half,3:24,False,294,2025-11-19T00:42:01Z
401823343114541958,114541958,Offensive Rebound,Chris Arias Offensive Rebound.,15,25,1st Half,3:22,False,294,2025-11-19T00:42:04Z
401823343114541960,114541960,LayUpShot,Chris Arias made Layup.,17,25,1st Half,3:20,True,294,2025-11-19T00:42:06Z
401823343114542158,114542158,LayUpShot,Malik Presley made Layup.,17,27,1st Half,2:54,True,2244,2025-11-19T00:42:47Z
401823343114542204,114542204,JumpShot,Donovan Rivers missed Jumper.,17,27,1st Half,2:41,False,294,2025-11-19T00:43:00Z
401823343114542242,114542242,Defensive Rebound,Malik Presley Defensive Rebound.,17,27,1st Half,2:35,False,2244,2025-11-19T00:43:05Z
401823343114542312,114542312,PersonalFoul,Foul on Chris Lockett Jr..,17,27,1st Half,2:22,False,294,2025-11-19T00:43:26Z
401823343114542394,114542394,MadeFreeThrow,Emmanuel Kanga missed Free Throw.,17,27,1st Half,2:22,False,2244,2025-11-19T00:43:48Z
401823343114542396,114542396,Dead Ball Rebound,George Mason Deadball Team Rebound.,17,27,1st Half,2:22,False,2244,2025-11-19T00:43:48Z
401823343114542457,114542457,MadeFreeThrow,Emmanuel Kanga made Free Throw.,17,28,1st Half,2:22,True,2244,2025-11-19T00:44:03Z
401823343114542591,114542591,PersonalFoul,Foul on Emmanuel Kanga.,17,28,1st Half,2:02,False,2244,2025-11-19T00:44:31Z
401823343114542630,114542630,Substitution,Emmanuel Kanga subbing out for George Mason,17,28,1st Half,2:02,False,2244,2025-11-19T00:44:41Z
401823343114542631,114542631,Substitution,Nick Ellington subbing in for George Mason,17,28,1st Half,2:02,False,2244,2025-11-19T00:44:41Z
401823343114542722,114542722,JumpShot,Chris Lockett Jr. made Three Point Jumper. Assisted by Evan Sterck.,20,28,1st Half,1:59,True,294,2025-11-19T00:45:08Z
401823343114542788,114542788,JumpShot,Jahari Long made Three Point Jumper. Assisted by Kory Mincy.,20,31,1st Half,1:43,True,2244,2025-11-19T00:45:25Z
401823343114542843,114542843,LayUpShot,Evan Sterck missed Layup.,20,31,1st Half,1:25,False,294,2025-11-19T00:45:43Z
401823343114542866,114542866,Block Shot,Nick Ellington Block.,20,31,1st Half,1:25,False,2244,2025-11-19T00:45:43Z
401823343114542868,114542868,Offensive Rebound,Jacksonville Offensive Rebound.,20,31,1st Half,1:23,False,294,2025-11-19T00:45:46Z
401823343114542954,114542954,JumpShot,Evan Sterck missed Three Point Jumper.,20,31,1st Half,1:18,False,294,2025-11-19T00:46:10Z
401823343114543029,114543029,Defensive Rebound,Nick Ellington Defensive Rebound.,20,31,1st Half,1:13,False,2244,2025-11-19T00:46:15Z
401823343114543098,114543098,JumpShot,Kory Mincy missed Jumper.,20,31,1st Half,0:47,False,2244,2025-11-19T00:46:42Z
401823343114543099,114543099,Offensive Rebound,Malik Presley Offensive Rebound.,20,31,1st Half,0:42,False,2244,2025-11-19T00:46:46Z
401823343114543100,114543100,JumpShot,Masai Troutman missed Three Point Jumper.,20,31,1st Half,0:41,False,2244,2025-11-19T00:46:48Z
401823343114543157,114543157,Defensive Rebound,Jacksonville Defensive Rebound.,20,31,1st Half,0:40,False,294,2025-11-19T00:46:51Z
401823343114543272,114543272,LayUpShot,Chris Arias missed Layup.,20,31,1st Half,0:18,False,294,2025-11-19T00:47:21Z
401823343114543273,114543273,Block Shot,Nick Ellington Block.,20,31,1st Half,0:18,False,2244,2025-11-19T00:47:21Z
401823343114543274,114543274,Offensive Rebound,Jacksonville Offensive Rebound.,20,31,1st Half,0:18,False,294,2025-11-19T00:47:25Z
401823343114543347,114543347,ShortTimeOut,Jacksonville Timeout,20,31,1st Half,0:18,False,294,2025-11-19T00:47:34Z
401823343114543594,114543594,LayUpShot,Chris Lockett Jr. made Layup.,22,31,1st Half,0:15,True,294,2025-11-19T00:48:47Z
401823343114543636,114543636,ShortTimeOut,George Mason Timeout,22,31,1st Half,0:09,False,2244,2025-11-19T00:48:57Z
401823343114543883,114543883,JumpShot,Masai Troutman made Jumper.,22,33,1st Half,0:02,True,2244,2025-11-19T00:50:22Z
401823343114544115,114544115,Lost Ball Turnover,Hayden Wood Turnover.,22,33,1st Half,0:00,False,294,2025-11-19T00:51:45Z
401823343114544228,114544228,Substitution,Hayden Wood subbing out for Jacksonville,22,33,1st Half,0:00,False,294,2025-11-19T00:52:24Z
401823343114544229,114544229,Substitution,Enrico Borio subbing in for Jacksonville,22,33,1st Half,0:00,False,294,2025-11-19T00:52:24Z
401823343114544239,114544239,Lost Ball Turnover,Jahari Long Turnover.,22,33,1st Half,0:00,False,2244,2025-11-19T00:52:32Z
401823343114544240,114544240,Steal,Donovan Rivers Steal.,22,33,1st Half,0:00,False,294,2025-11-19T00:52:32Z
401823343114544241,114544241,End Period,End of 1st half,22,33,1st Half,0:00,False,,2025-11-19T00:52:40Z
401823343114547036,114547036,Substitution,Masai Troutman subbing out for George Mason,22,33,2nd Half,20:00,False,2244,2025-11-19T01:06:21Z
401823343114547037,114547037,Substitution,Nick Ellington subbing out for George Mason,22,33,2nd Half,20:00,False,2244,2025-11-19T01:06:21Z
401823343114547038,114547038,Substitution,Dola Adebayo subbing in for George Mason,22,33,2nd Half,20:00,False,2244,2025-11-19T01:06:21Z
401823343114547040,114547040,Substitution,Riley Allenspach subbing in for George Mason,22,33,2nd Half,20:00,False,2244,2025-11-19T01:06:21Z
401823343114547042,114547042,Substitution,Enrico Borio subbing out for Jacksonville,22,33,2nd Half,20:00,False,294,2025-11-19T01:06:21Z
401823343114547044,114547044,Substitution,Jason Thirdkill Jr. subbing in for Jacksonville,22,33,2nd Half,20:00,False,294,2025-11-19T01:06:21Z
401823343114547874,114547874,LayUpShot,Evan Sterck made Layup. Assisted by Chris Lockett Jr..,24,33,2nd Half,19:48,True,294,2025-11-19T01:08:55Z
401823343114547943,114547943,Lost Ball Turnover,Malik Presley Turnover.,24,33,2nd Half,19:33,False,2244,2025-11-19T01:09:11Z
401823343114547979,114547979,Steal,Evan Sterck Steal.,24,33,2nd Half,19:33,False,294,2025-11-19T01:09:11Z
401823343114547980,114547980,LayUpShot,Chris Lockett Jr. made Layup. Assisted by Evan Sterck.,26,33,2nd Half,19:28,True,294,2025-11-19T01:09:15Z
401823343114548119,114548119,PersonalFoul,Foul on Evan Sterck.,26,33,2nd Half,19:05,False,294,2025-11-19T01:09:43Z
401823343114548214,114548214,JumpShot,Kory Mincy made Three Point Jumper.,26,36,2nd Half,18:55,True,2244,2025-11-19T01:10:11Z
401823343114548374,114548374,PersonalFoul,Foul on Jahari Long.,26,36,2nd Half,18:36,False,2244,2025-11-19T01:10:34Z
401823343114548468,114548468,MadeFreeThrow,Chris Lockett Jr. made Free Throw.,27,36,2nd Half,18:36,True,294,2025-11-19T01:11:02Z
401823343114548470,114548470,MadeFreeThrow,Chris Lockett Jr. made Free Throw.,28,36,2nd Half,18:36,True,294,2025-11-19T01:11:11Z
401823343114548574,114548574,MadeFreeThrow,Chris Lockett Jr. made Free Throw.,29,36,2nd Half,18:36,True,294,2025-11-19T01:11:23Z
401823343114548674,114548674,JumpShot,Riley Allenspach made Jumper.,29,38,2nd Half,18:18,True,2244,2025-11-19T01:11:44Z
401823343114548699,114548699,Lost Ball Turnover,Evan Sterck Turnover.,29,38,2nd Half,18:06,False,294,2025-11-19T01:11:58Z
401823343114548700,114548700,Steal,Malik Presley Steal.,29,38,2nd Half,18:06,False,2244,2025-11-19T01:11:58Z
401823343114548794,114548794,DunkShot,Riley Allenspach made Dunk. Assisted by Malik Presley.,29,40,2nd Half,18:00,True,2244,2025-11-19T01:12:02Z
401823343114548889,114548889,PersonalFoul,Foul on Riley Allenspach.,29,40,2nd Half,17:39,False,2244,2025-11-19T01:12:27Z
401823343114549015,114549015,Substitution,Dola Adebayo subbing out for George Mason,29,40,2nd Half,17:39,False,2244,2025-11-19T01:12:48Z
401823343114549016,114549016,Substitution,Riley Allenspach subbing out for George Mason,29,40,2nd Half,17:39,False,2244,2025-11-19T01:12:48Z
401823343114549018,114549018,Substitution,Masai Troutman subbing in for George Mason,29,40,2nd Half,17:39,False,2244,2025-11-19T01:12:48Z
401823343114549021,114549021,Substitution,Nick Ellington subbing in for George Mason,29,40,2nd Half,17:39,False,2244,2025-11-19T01:12:48Z
401823343114549114,114549114,JumpShot,Donovan Rivers missed Jumper.,29,40,2nd Half,17:29,False,294,2025-11-19T01:13:07Z
401823343114549115,114549115,Offensive Rebound,Donovan Rivers Offensive Rebound.,29,40,2nd Half,17:26,False,294,2025-11-19T01:13:09Z
401823343114549185,114549185,JumpShot,Donovan Rivers missed Jumper.,29,40,2nd Half,17:24,False,294,2025-11-19T01:13:12Z
401823343114549207,114549207,Block Shot,Nick Ellington Block.,29,40,2nd Half,17:24,False,2244,2025-11-19T01:13:12Z
401823343114549210,114549210,Defensive Rebound,Nick Ellington Defensive Rebound.,29,40,2nd Half,17:19,False,2244,2025-11-19T01:13:17Z
401823343114549213,114549213,LayUpShot,Nick Ellington missed Layup.,29,40,2nd Half,17:15,False,2244,2025-11-19T01:13:21Z
401823343114549260,114549260,Block Shot,Jason Thirdkill Jr. Block.,29,40,2nd Half,17:15,False,294,2025-11-19T01:13:21Z
401823343114549264,114549264,Defensive Rebound,Chris Arias Defensive Rebound.,29,40,2nd Half,17:10,False,294,2025-11-19T01:13:25Z
401823343114549266,114549266,JumpShot,Chris Lockett Jr. missed Three Point Jumper.,29,40,2nd Half,17:08,False,294,2025-11-19T01:13:28Z
401823343114549267,114549267,Defensive Rebound,Jahari Long Defensive Rebound.,29,40,2nd Half,17:07,False,2244,2025-11-19T01:13:31Z
401823343114549331,114549331,PersonalFoul,Foul on Jason Thirdkill Jr..,29,40,2nd Half,17:07,False,294,2025-11-19T01:13:36Z
401823343114549363,114549363,Substitution,Jason Thirdkill Jr. subbing out for Jacksonville,29,40,2nd Half,17:07,False,294,2025-11-19T01:13:48Z
401823343114549364,114549364,Substitution,Donovan Rivers subbing out for Jacksonville,29,40,2nd Half,17:07,False,294,2025-11-19T01:13:48Z
401823343114549365,114549365,Substitution,Jaylen Jordon subbing in for Jacksonville,29,40,2nd Half,17:07,False,294,2025-11-19T01:13:48Z
401823343114549387,114549387,Substitution,Enrico Borio subbing in for Jacksonville,29,40,2nd Half,17:07,False,294,2025-11-19T01:13:48Z
401823343114549491,114549491,JumpShot,Kory Mincy made Three Point Jumper. Assisted by Jahari Long.,29,43,2nd Half,16:52,True,2244,2025-11-19T01:14:09Z
401823343114549591,114549591,ShortTimeOut,Jacksonville Timeout,29,43,2nd Half,16:42,False,294,2025-11-19T01:14:23Z
401823343114549592,114549592,OfficialTVTimeOut,Official TV Timeout,29,43,2nd Half,16:42,False,,2025-11-19T01:14:25Z
401823343114550429,114550429,Substitution,Evan Sterck subbing out for Jacksonville,29,43,2nd Half,16:42,False,294,2025-11-19T01:16:42Z
401823343114550430,114550430,Substitution,Simon Wheeler subbing in for Jacksonville,29,43,2nd Half,16:42,False,294,2025-11-19T01:16:42Z
401823343114550485,114550485,LayUpShot,Jaylen Jordon missed Layup.,29,43,2nd Half,16:28,False,294,2025-11-19T01:17:01Z
401823343114550553,114550553,Block Shot,Nick Ellington Block.,29,43,2nd Half,16:28,False,2244,2025-11-19T01:17:01Z
401823343114550554,114550554,Offensive Rebound,Jaylen Jordon Offensive Rebound.,29,43,2nd Half,16:23,False,294,2025-11-19T01:17:05Z
401823343114550555,114550555,LayUpShot,Jaylen Jordon missed Layup.,29,43,2nd Half,16:22,False,294,2025-11-19T01:17:07Z
401823343114550556,114550556,Block Shot,Nick Ellington Block.,29,43,2nd Half,16:22,False,2244,2025-11-19T01:17:07Z
401823343114550558,114550558,Offensive Rebound,Jacksonville Offensive Rebound.,29,43,2nd Half,16:19,False,294,2025-11-19T01:17:11Z
401823343114550638,114550638,JumpShot,Chris Arias missed Jumper.,29,43,2nd Half,16:19,False,294,2025-11-19T01:17:28Z
401823343114550639,114550639,Defensive Rebound,Masai Troutman Defensive Rebound.,29,43,2nd Half,16:17,False,2244,2025-11-19T01:17:30Z
401823343114550766,114550766,PersonalFoul,Foul on Jaylen Jordon.,29,43,2nd Half,16:00,False,294,2025-11-19T01:17:51Z
401823343114550847,114550847,OfficialTVTimeOut,Official TV Timeout,29,43,2nd Half,15:59,False,,2025-11-19T01:18:02Z
401823343114551103,114551103,Substitution,Simon Wheeler subbing out for Jacksonville,29,43,2nd Half,15:59,False,294,2025-11-19T01:18:52Z
401823343114551104,114551104,Substitution,Hayden Wood subbing in for Jacksonville,29,43,2nd Half,15:59,False,294,2025-11-19T01:18:52Z
401823343114551579,114551579,Substitution,Jaylen Jordon subbing out for Jacksonville,29,43,2nd Half,15:59,False,294,2025-11-19T01:20:21Z
401823343114551580,114551580,Substitution,Chris Arias subbing out for Jacksonville,29,43,2nd Half,15:59,False,294,2025-11-19T01:20:21Z
401823343114551581,114551581,Substitution,Simon Wheeler subbing in for Jacksonville,29,43,2nd Half,15:59,False,294,2025-11-19T01:20:21Z
401823343114551583,114551583,Substitution,Allen Udemadu subbing in for Jacksonville,29,43,2nd Half,15:59,False,294,2025-11-19T01:20:21Z
401823343114551740,114551740,MadeFreeThrow,Masai Troutman missed Free Throw.,29,43,2nd Half,15:59,False,2244,2025-11-19T01:20:44Z
401823343114551741,114551741,Dead Ball Rebound,George Mason Deadball Team Rebound.,29,43,2nd Half,15:59,False,2244,2025-11-19T01:20:44Z
401823343114551860,114551860,MadeFreeThrow,Masai Troutman made Free Throw.,29,44,2nd Half,15:59,True,2244,2025-11-19T01:21:02Z
401823343114551964,114551964,Lost Ball Turnover,Simon Wheeler Turnover.,29,44,2nd Half,15:36,False,294,2025-11-19T01:21:32Z
401823343114552020,114552020,Steal,Kory Mincy Steal.,29,44,2nd Half,15:36,False,2244,2025-11-19T01:21:32Z
401823343114553064,114553064,PersonalFoul,Foul on Simon Wheeler.,29,44,2nd Half,15:20,False,294,2025-11-19T01:24:47Z
401823343114553239,114553239,Substitution,Simon Wheeler subbing out for Jacksonville,29,44,2nd Half,15:20,False,294,2025-11-19T01:25:12Z
401823343114553240,114553240,Substitution,Jaylen Jones subbing in for Jacksonville,29,44,2nd Half,15:20,False,294,2025-11-19T01:25:12Z
401823343114553264,114553264,MadeFreeThrow,Masai Troutman missed Free Throw.,29,44,2nd Half,15:20,False,2244,2025-11-19T01:25:31Z
401823343114553286,114553286,Dead Ball Rebound,George Mason Deadball Team Rebound.,29,44,2nd Half,15:20,False,2244,2025-11-19T01:25:31Z
401823343114553374,114553374,MadeFreeThrow,Masai Troutman made Free Throw.,29,45,2nd Half,15:20,True,2244,2025-11-19T01:25:50Z
401823343114553453,114553453,MadeFreeThrow,Masai Troutman made Free Throw.,29,46,2nd Half,15:20,True,2244,2025-11-19T01:26:08Z
401823343114553559,114553559,JumpShot,Allen Udemadu made Jumper.,31,46,2nd Half,14:58,True,294,2025-11-19T01:26:38Z
401823343114553697,114553697,JumpShot,Masai Troutman made Jumper.,31,48,2nd Half,14:28,True,2244,2025-11-19T01:27:08Z
401823343114553833,114553833,PersonalFoul,Foul on Masai Troutman.,31,48,2nd Half,14:05,False,2244,2025-11-19T01:27:33Z
401823343114553927,114553927,MadeFreeThrow,Enrico Borio missed Free Throw.,31,48,2nd Half,14:05,False,294,2025-11-19T01:28:06Z
401823343114553928,114553928,Dead Ball Rebound,Jacksonville Deadball Team Rebound.,31,48,2nd Half,14:05,False,294,2025-11-19T01:28:06Z
401823343114554058,114554058,MadeFreeThrow,Enrico Borio made Free Throw.,32,48,2nd Half,14:05,True,294,2025-11-19T01:28:25Z
401823343114554148,114554148,LayUpShot,Nick Ellington made Layup.,32,50,2nd Half,13:50,True,2244,2025-11-19T01:28:46Z
401823343114554150,114554150,PersonalFoul,Foul on Allen Udemadu.,32,50,2nd Half,13:50,False,294,2025-11-19T01:28:49Z
401823343114554366,114554366,MadeFreeThrow,Nick Ellington missed Free Throw.,32,50,2nd Half,13:49,False,2244,2025-11-19T01:29:29Z
401823343114554369,114554369,Defensive Rebound,Enrico Borio Defensive Rebound.,32,50,2nd Half,13:47,False,294,2025-11-19T01:29:31Z
401823343114554517,114554517,LayUpShot,Jaylen Jones made Layup.,34,50,2nd Half,13:19,True,294,2025-11-19T01:30:00Z
401823343114554738,114554738,JumpShot,Kory Mincy missed Three Point Jumper.,34,50,2nd Half,12:43,False,2244,2025-11-19T01:30:36Z
401823343114554742,114554742,Defensive Rebound,Allen Udemadu Defensive Rebound.,34,50,2nd Half,12:40,False,294,2025-11-19T01:30:38Z
401823343114554803,114554803,JumpShot,Hayden Wood missed Three Point Jumper.,34,50,2nd Half,12:29,False,294,2025-11-19T01:30:50Z
401823343114554805,114554805,Defensive Rebound,Kory Mincy Defensive Rebound.,34,50,2nd Half,12:26,False,2244,2025-11-19T01:30:52Z
401823343114554958,114554958,LayUpShot,Masai Troutman made Layup.,34,52,2nd Half,12:10,True,2244,2025-11-19T01:31:16Z
401823343114554985,114554985,PersonalFoul,Foul on Allen Udemadu.,34,52,2nd Half,12:10,False,294,2025-11-19T01:31:27Z
401823343114555110,114555110,Substitution,Jahari Long subbing out for George Mason,34,52,2nd Half,12:10,False,2244,2025-11-19T01:31:50Z
401823343114555115,114555115,Substitution,Nick Ellington subbing out for George Mason,34,52,2nd Half,12:10,False,2244,2025-11-19T01:31:50Z
401823343114555117,114555117,Substitution,Dola Adebayo subbing in for George Mason,34,52,2nd Half,12:10,False,2244,2025-11-19T01:31:50Z
401823343114555119,114555119,Substitution,Emmanuel Kanga subbing in for George Mason,34,52,2nd Half,12:10,False,2244,2025-11-19T01:31:50Z
401823343114555120,114555120,Substitution,Enrico Borio subbing out for Jacksonville,34,52,2nd Half,12:10,False,294,2025-11-19T01:31:50Z
401823343114555122,114555122,Substitution,Jason Thirdkill Jr. subbing in for Jacksonville,34,52,2nd Half,12:10,False,294,2025-11-19T01:31:50Z
401823343114555170,114555170,MadeFreeThrow,Masai Troutman made Free Throw.,34,53,2nd Half,12:10,True,2244,2025-11-19T01:31:56Z
401823343114555213,114555213,Substitution,Hayden Wood subbing out for Jacksonville,34,53,2nd Half,12:10,False,294,2025-11-19T01:32:02Z
401823343114555216,114555216,Substitution,Chris Arias subbing in for Jacksonville,34,53,2nd Half,12:10,False,294,2025-11-19T01:32:02Z
401823343114555325,114555325,PersonalFoul,Foul on Dola Adebayo.,34,53,2nd Half,11:57,False,2244,2025-11-19T01:32:29Z
401823343114555389,114555389,OfficialTVTimeOut,Official TV Timeout,34,53,2nd Half,11:57,False,,2025-11-19T01:32:34Z
401823343114556131,114556131,Substitution,Malik Presley subbing out for George Mason,34,53,2nd Half,11:57,False,2244,2025-11-19T01:34:55Z
401823343114556133,114556133,Substitution,Jahari Long subbing in for George Mason,34,53,2nd Half,11:57,False,2244,2025-11-19T01:34:55Z
401823343114556233,114556233,Lost Ball Turnover,Jaylen Jones Turnover.,34,53,2nd Half,11:44,False,294,2025-11-19T01:35:12Z
401823343114556235,114556235,Steal,Jahari Long Steal.,34,53,2nd Half,11:44,False,2244,2025-11-19T01:35:12Z
401823343114556238,114556238,LayUpShot,Emmanuel Kanga missed Layup.,34,53,2nd Half,11:37,False,2244,2025-11-19T01:35:19Z
401823343114556242,114556242,Defensive Rebound,Chris Arias Defensive Rebound.,34,53,2nd Half,11:34,False,294,2025-11-19T01:35:22Z
401823343114556360,114556360,LayUpShot,Chris Arias missed Layup.,34,53,2nd Half,11:17,False,294,2025-11-19T01:35:40Z
401823343114556361,114556361,Defensive Rebound,Dola Adebayo Defensive Rebound.,34,53,2nd Half,11:14,False,2244,2025-11-19T01:35:42Z
401823343114556485,114556485,JumpShot,Dola Adebayo missed Three Point Jumper.,34,53,2nd Half,10:56,False,2244,2025-11-19T01:36:00Z
401823343114556577,114556577,Offensive Rebound,Masai Troutman Offensive Rebound.,34,53,2nd Half,10:53,False,2244,2025-11-19T01:36:03Z
401823343114556631,114556631,JumpShot,Masai Troutman missed Three Point Jumper.,34,53,2nd Half,10:41,False,2244,2025-11-19T01:36:16Z
401823343114556634,114556634,Defensive Rebound,Chris Arias Defensive Rebound.,34,53,2nd Half,10:38,False,294,2025-11-19T01:36:18Z
401823343114556757,114556757,PersonalFoul,Foul on Kory Mincy.,34,53,2nd Half,10:26,False,2244,2025-11-19T01:36:34Z
401823343114556841,114556841,MadeFreeThrow,Jaylen Jones made Free Throw.,35,53,2nd Half,10:26,True,294,2025-11-19T01:36:56Z
401823343114556912,114556912,MadeFreeThrow,Jaylen Jones made Free Throw.,36,53,2nd Half,10:26,True,294,2025-11-19T01:37:12Z
401823343114556995,114556995,Lost Ball Turnover,Dola Adebayo Turnover.,36,53,2nd Half,10:16,False,2244,2025-11-19T01:37:25Z
401823343114556996,114556996,Steal,Jaylen Jones Steal.,36,53,2nd Half,10:16,False,294,2025-11-19T01:37:25Z
401823343114556998,114556998,DunkShot,Jaylen Jones made Dunk.,38,53,2nd Half,10:12,True,294,2025-11-19T01:37:29Z
401823343114557118,114557118,LayUpShot,Jahari Long made Layup.,38,55,2nd Half,9:57,True,2244,2025-11-19T01:37:44Z
401823343114557157,114557157,Lost Ball Turnover,Allen Udemadu Turnover.,38,55,2nd Half,9:40,False,294,2025-11-19T01:38:02Z
401823343114557277,114557277,Substitution,Dola Adebayo subbing out for George Mason,38,55,2nd Half,9:40,False,2244,2025-11-19T01:38:13Z
401823343114557278,114557278,Substitution,Nick Ellington subbing in for George Mason,38,55,2nd Half,9:40,False,2244,2025-11-19T01:38:13Z
401823343114557282,114557282,Substitution,Allen Udemadu subbing out for Jacksonville,38,55,2nd Half,9:40,False,294,2025-11-19T01:38:13Z
401823343114557284,114557284,Substitution,Jaylen Jordon subbing in for Jacksonville,38,55,2nd Half,9:40,False,294,2025-11-19T01:38:13Z
401823343114557446,114557446,LayUpShot,Emmanuel Kanga made Layup.,38,57,2nd Half,9:23,True,2244,2025-11-19T01:38:40Z
401823343114557544,114557544,LayUpShot,Jason Thirdkill Jr. missed Layup.,38,57,2nd Half,9:05,False,294,2025-11-19T01:38:59Z
401823343114557632,114557632,Block Shot,Nick Ellington Block.,38,57,2nd Half,9:05,False,2244,2025-11-19T01:38:59Z
401823343114557636,114557636,Defensive Rebound,Masai Troutman Defensive Rebound.,38,57,2nd Half,8:59,False,2244,2025-11-19T01:39:04Z
401823343114557677,114557677,PersonalFoul,Foul on Chris Lockett Jr..,38,57,2nd Half,8:58,False,294,2025-11-19T01:39:12Z
401823343114557781,114557781,Substitution,Kory Mincy subbing out for George Mason,38,57,2nd Half,8:57,False,2244,2025-11-19T01:39:39Z
401823343114557782,114557782,Substitution,Malik Presley subbing in for George Mason,38,57,2nd Half,8:57,False,2244,2025-11-19T01:39:39Z
401823343114557783,114557783,Substitution,Chris Lockett Jr. subbing out for Jacksonville,38,57,2nd Half,8:57,False,294,2025-11-19T01:39:39Z
401823343114557785,114557785,Substitution,Evan Sterck subbing in for Jacksonville,38,57,2nd Half,8:57,False,294,2025-11-19T01:39:39Z
401823343114558006,114558006,MadeFreeThrow,Nick Ellington missed Free Throw.,38,57,2nd Half,8:55,False,2244,2025-11-19T01:40:07Z
401823343114558007,114558007,Offensive Rebound,Emmanuel Kanga Offensive Rebound.,38,57,2nd Half,8:55,False,2244,2025-11-19T01:40:09Z
401823343114558051,114558051,PersonalFoul,Foul on Jaylen Jordon.,38,57,2nd Half,8:55,False,294,2025-11-19T01:40:11Z
401823343114558104,114558104,Substitution,Jaylen Jordon subbing out for Jacksonville,38,57,2nd Half,8:55,False,294,2025-11-19T01:40:32Z
401823343114558105,114558105,Substitution,Allen Udemadu subbing in for Jacksonville,38,57,2nd Half,8:55,False,294,2025-11-19T01:40:32Z
401823343114558180,114558180,MadeFreeThrow,Emmanuel Kanga made Free Throw.,38,58,2nd Half,8:55,True,2244,2025-11-19T01:40:49Z
401823343114558265,114558265,MadeFreeThrow,Emmanuel Kanga missed Free Throw.,38,58,2nd Half,8:54,False,2244,2025-11-19T01:41:08Z
401823343114558286,114558286,Offensive Rebound,Malik Presley Offensive Rebound.,38,58,2nd Half,8:53,False,2244,2025-11-19T01:41:09Z
401823343114558368,114558368,JumpShot,Masai Troutman missed Jumper.,38,58,2nd Half,8:44,False,2244,2025-11-19T01:41:20Z
401823343114558400,114558400,Offensive Rebound,Emmanuel Kanga Offensive Rebound.,38,58,2nd Half,8:43,False,2244,2025-11-19T01:41:25Z
401823343114558401,114558401,PersonalFoul,Foul on Allen Udemadu.,38,58,2nd Half,8:43,False,294,2025-11-19T01:41:27Z
401823343114558508,114558508,MadeFreeThrow,Emmanuel Kanga made Free Throw.,38,59,2nd Half,8:43,True,2244,2025-11-19T01:41:50Z
401823343114558668,114558668,MadeFreeThrow,Emmanuel Kanga made Free Throw.,38,60,2nd Half,8:43,True,2244,2025-11-19T01:42:09Z
401823343114558752,114558752,JumpShot,Jaylen Jones made Jumper.,40,60,2nd Half,8:25,True,294,2025-11-19T01:42:29Z
401823343114558891,114558891,JumpShot,Jahari Long missed Jumper.,40,60,2nd Half,7:53,False,2244,2025-11-19T01:43:02Z
401823343114558941,114558941,Defensive Rebound,Allen Udemadu Defensive Rebound.,40,60,2nd Half,7:50,False,294,2025-11-19T01:43:05Z
401823343114559003,114559003,LayUpShot,Jaylen Jones missed Layup.,40,60,2nd Half,7:41,False,294,2025-11-19T01:43:13Z
401823343114559004,114559004,Offensive Rebound,Allen Udemadu Offensive Rebound.,40,60,2nd Half,7:39,False,294,2025-11-19T01:43:16Z
401823343114559027,114559027,PersonalFoul,Foul on Emmanuel Kanga.,40,60,2nd Half,7:39,False,2244,2025-11-19T01:43:18Z
401823343114559071,114559071,OfficialTVTimeOut,Official TV Timeout,40,60,2nd Half,7:39,False,,2025-11-19T01:43:25Z
401823343114559878,114559878,Substitution,Masai Troutman subbing out for George Mason,40,60,2nd Half,7:39,False,2244,2025-11-19T01:45:46Z
401823343114559879,114559879,Substitution,Emmanuel Kanga subbing out for George Mason,40,60,2nd Half,7:39,False,2244,2025-11-19T01:45:46Z
401823343114559883,114559883,Substitution,Kory Mincy subbing in for George Mason,40,60,2nd Half,7:39,False,2244,2025-11-19T01:45:46Z
401823343114559886,114559886,Substitution,Riley Allenspach subbing in for George Mason,40,60,2nd Half,7:39,False,2244,2025-11-19T01:45:46Z
401823343114560012,114560012,JumpShot,Jason Thirdkill Jr. missed Three Point Jumper.,40,60,2nd Half,7:33,False,294,2025-11-19T01:46:07Z
401823343114560013,114560013,Defensive Rebound,Malik Presley Defensive Rebound.,40,60,2nd Half,7:31,False,2244,2025-11-19T01:46:09Z
401823343114560152,114560152,JumpShot,Riley Allenspach missed Three Point Jumper.,40,60,2nd Half,7:02,False,2244,2025-11-19T01:46:38Z
401823343114560153,114560153,Offensive Rebound,George Mason Offensive Rebound.,40,60,2nd Half,7:01,False,2244,2025-11-19T01:46:40Z
401823343114560254,114560254,Substitution,Jason Thirdkill Jr. subbing out for Jacksonville,40,60,2nd Half,7:01,False,294,2025-11-19T01:46:55Z
401823343114560255,114560255,Substitution,Enrico Borio subbing in for Jacksonville,40,60,2nd Half,7:01,False,294,2025-11-19T01:46:55Z
401823343114560301,114560301,LayUpShot,Riley Allenspach missed Layup.,40,60,2nd Half,6:52,False,2244,2025-11-19T01:47:16Z
401823343114560305,114560305,Defensive Rebound,Allen Udemadu Defensive Rebound.,40,60,2nd Half,6:49,False,294,2025-11-19T01:47:18Z
401823343114560395,114560395,LayUpShot,Enrico Borio made Layup.,42,60,2nd Half,6:40,True,294,2025-11-19T01:47:28Z
401823343114560508,114560508,DunkShot,Nick Ellington made Dunk. Assisted by Jahari Long.,42,62,2nd Half,6:16,True,2244,2025-11-19T01:47:51Z
401823343114560614,114560614,JumpShot,Jaylen Jones made Three Point Jumper.,45,62,2nd Half,6:03,True,294,2025-11-19T01:48:04Z
401823343114560720,114560720,JumpShot,Jahari Long made Three Point Jumper. Assisted by Malik Presley.,45,65,2nd Half,5:37,True,2244,2025-11-19T01:48:30Z
401823343114560815,114560815,LayUpShot,Jaylen Jones made Layup.,47,65,2nd Half,5:19,True,294,2025-11-19T01:48:51Z
401823343114560898,114560898,PersonalFoul,Foul on Kory Mincy.,47,65,2nd Half,5:19,False,2244,2025-11-19T01:48:54Z
401823343114560954,114560954,Substitution,Jahari Long subbing out for George Mason,47,65,2nd Half,5:19,False,2244,2025-11-19T01:49:07Z
401823343114560956,114560956,Substitution,Nick Ellington subbing out for George Mason,47,65,2nd Half,5:19,False,2244,2025-11-19T01:49:07Z
401823343114560957,114560957,Substitution,Masai Troutman subbing in for George Mason,47,65,2nd Half,5:19,False,2244,2025-11-19T01:49:07Z
401823343114560958,114560958,Substitution,Devin Booker subbing in for George Mason,47,65,2nd Half,5:19,False,2244,2025-11-19T01:49:07Z
401823343114560976,114560976,Substitution,Evan Sterck subbing out for Jacksonville,47,65,2nd Half,5:19,False,294,2025-11-19T01:49:16Z
401823343114560977,114560977,Substitution,Chris Lockett Jr. subbing in for Jacksonville,47,65,2nd Half,5:19,False,294,2025-11-19T01:49:16Z
401823343114561037,114561037,MadeFreeThrow,Jaylen Jones made Free Throw.,48,65,2nd Half,5:19,True,294,2025-11-19T01:49:26Z
401823343114561162,114561162,DunkShot,Riley Allenspach made Dunk. Assisted by Kory Mincy.,48,67,2nd Half,4:57,True,2244,2025-11-19T01:49:55Z
401823343114561218,114561218,Lost Ball Turnover,Allen Udemadu Turnover.,48,67,2nd Half,4:38,False,294,2025-11-19T01:50:17Z
401823343114561262,114561262,Substitution,Malik Presley subbing out for George Mason,48,67,2nd Half,4:38,False,2244,2025-11-19T01:50:32Z
401823343114561263,114561263,Substitution,Stas Sivka subbing in for George Mason,48,67,2nd Half,4:38,False,2244,2025-11-19T01:50:32Z
401823343114561488,114561488,JumpShot,Stas Sivka made Three Point Jumper. Assisted by Kory Mincy.,48,70,2nd Half,4:10,True,2244,2025-11-19T01:51:14Z
401823343114561594,114561594,Technical Foul,Technical Foul on Kory Mincy.,48,70,2nd Half,4:01,False,2244,2025-11-19T01:51:41Z
401823343114561648,114561648,MadeFreeThrow,Chris Lockett Jr. made Free Throw.,49,70,2nd Half,4:01,True,294,2025-11-19T01:51:54Z
401823343114561650,114561650,MadeFreeThrow,Chris Lockett Jr. made Free Throw.,50,70,2nd Half,4:01,True,294,2025-11-19T01:51:57Z
401823343114561762,114561762,JumpShot,Enrico Borio missed Three Point Jumper.,50,70,2nd Half,3:46,False,294,2025-11-19T01:52:24Z
401823343114561763,114561763,Defensive Rebound,Masai Troutman Defensive Rebound.,50,70,2nd Half,3:44,False,2244,2025-11-19T01:52:27Z
401823343114561951,114561951,PersonalFoul,Foul on Allen Udemadu.,50,70,2nd Half,3:15,False,294,2025-11-19T01:53:13Z
401823343114561953,114561953,OfficialTVTimeOut,Official TV Timeout,50,70,2nd Half,3:15,False,,2025-11-19T01:53:21Z
401823343114562363,114562363,Substitution,Masai Troutman subbing out for George Mason,50,70,2nd Half,3:15,False,2244,2025-11-19T01:55:22Z
401823343114562364,114562364,Substitution,Dola Adebayo subbing in for George Mason,50,70,2nd Half,3:15,False,2244,2025-11-19T01:55:22Z
401823343114562365,114562365,Substitution,Chris Arias subbing out for Jacksonville,50,70,2nd Half,3:15,False,294,2025-11-19T01:55:22Z
401823343114562366,114562366,Substitution,Chris Lockett Jr. subbing out for Jacksonville,50,70,2nd Half,3:15,False,294,2025-11-19T01:55:22Z
401823343114562367,114562367,Substitution,Allen Udemadu subbing out for Jacksonville,50,70,2nd Half,3:15,False,294,2025-11-19T01:55:22Z
401823343114562368,114562368,Substitution,Hayden Wood subbing in for Jacksonville,50,70,2nd Half,3:15,False,294,2025-11-19T01:55:22Z
401823343114562369,114562369,Substitution,Michael Harper Jr. subbing in for Jacksonville,50,70,2nd Half,3:15,False,294,2025-11-19T01:55:22Z
401823343114562372,114562372,Substitution,Charles Caporaso subbing in for Jacksonville,50,70,2nd Half,3:15,False,294,2025-11-19T01:55:22Z
401823343114562428,114562428,MadeFreeThrow,Kory Mincy made Free Throw.,50,71,2nd Half,3:15,True,2244,2025-11-19T01:55:41Z
401823343114562471,114562471,MadeFreeThrow,Kory Mincy made Free Throw.,50,72,2nd Half,3:15,True,2244,2025-11-19T01:55:53Z
401823343114562606,114562606,LayUpShot,Michael Harper Jr. missed Layup.,50,72,2nd Half,2:55,False,294,2025-11-19T01:56:16Z
401823343114562607,114562607,Offensive Rebound,Charles Caporaso Offensive Rebound.,50,72,2nd Half,2:52,False,294,2025-11-19T01:56:18Z
401823343114562623,114562623,Lost Ball Turnover,Hayden Wood Turnover.,50,72,2nd Half,2:47,False,294,2025-11-19T01:56:24Z
401823343114562624,114562624,Steal,Dola Adebayo Steal.,50,72,2nd Half,2:47,False,2244,2025-11-19T01:56:24Z
401823343114562625,114562625,PersonalFoul,Foul on Hayden Wood.,50,72,2nd Half,2:43,False,294,2025-11-19T01:56:29Z
401823343114562781,114562781,MadeFreeThrow,Dola Adebayo made Free Throw.,50,73,2nd Half,2:43,True,2244,2025-11-19T01:57:04Z
401823343114562783,114562783,Substitution,Riley Allenspach subbing out for George Mason,50,73,2nd Half,2:43,False,2244,2025-11-19T01:57:10Z
401823343114562784,114562784,Substitution,Emmanuel Kanga subbing in for George Mason,50,73,2nd Half,2:43,False,2244,2025-11-19T01:57:10Z
401823343114562832,114562832,MadeFreeThrow,Dola Adebayo made Free Throw.,50,74,2nd Half,2:43,True,2244,2025-11-19T01:57:25Z
401823343114562892,114562892,PersonalFoul,Foul on Dola Adebayo.,50,74,2nd Half,2:30,False,2244,2025-11-19T01:57:42Z
401823343114562955,114562955,MadeFreeThrow,Hayden Wood made Free Throw.,51,74,2nd Half,2:30,True,294,2025-11-19T01:58:13Z
401823343114563033,114563033,MadeFreeThrow,Hayden Wood made Free Throw.,52,74,2nd Half,2:30,True,294,2025-11-19T01:58:29Z
401823343114563135,114563135,PersonalFoul,Foul on Hayden Wood.,52,74,2nd Half,2:19,False,294,2025-11-19T01:58:54Z
401823343114563155,114563155,MadeFreeThrow,Emmanuel Kanga made Free Throw.,52,75,2nd Half,2:19,True,2244,2025-11-19T01:59:14Z
401823343114563216,114563216,MadeFreeThrow,Emmanuel Kanga made Free Throw.,52,76,2nd Half,2:19,True,2244,2025-11-19T01:59:29Z
401823343114563308,114563308,PersonalFoul,Foul on Emmanuel Kanga.,52,76,2nd Half,1:57,False,2244,2025-11-19T01:59:56Z
401823343114563362,114563362,MadeFreeThrow,Hayden Wood missed Free Throw.,52,76,2nd Half,1:57,False,294,2025-11-19T02:00:21Z
401823343114563363,114563363,Dead Ball Rebound,Jacksonville Deadball Team Rebound.,52,76,2nd Half,1:57,False,294,2025-11-19T02:00:21Z
401823343114563412,114563412,Substitution,Kory Mincy subbing out for George Mason,52,76,2nd Half,1:57,False,2244,2025-11-19T02:00:27Z
401823343114563413,114563413,Substitution,T.J. Prosise subbing in for George Mason,52,76,2nd Half,1:57,False,2244,2025-11-19T02:00:27Z
401823343114563429,114563429,MadeFreeThrow,Hayden Wood made Free Throw.,53,76,2nd Half,1:57,True,294,2025-11-19T02:00:39Z
401823343114563522,114563522,PersonalFoul,Foul on Charles Caporaso.,53,76,2nd Half,1:44,False,294,2025-11-19T02:01:00Z
401823343114563588,114563588,MadeFreeThrow,Devin Booker missed Free Throw.,53,76,2nd Half,1:44,False,2244,2025-11-19T02:01:23Z
401823343114563591,114563591,Dead Ball Rebound,George Mason Deadball Team Rebound.,53,76,2nd Half,1:44,False,2244,2025-11-19T02:01:23Z
401823343114563609,114563609,Substitution,Dola Adebayo subbing out for George Mason,53,76,2nd Half,1:44,False,2244,2025-11-19T02:01:30Z
401823343114563610,114563610,Substitution,Ben Woodward subbing in for George Mason,53,76,2nd Half,1:44,False,2244,2025-11-19T02:01:30Z
401823343114563659,114563659,MadeFreeThrow,Devin Booker missed Free Throw.,53,76,2nd Half,1:43,False,2244,2025-11-19T02:01:41Z
401823343114563660,114563660,Defensive Rebound,Enrico Borio Defensive Rebound.,53,76,2nd Half,1:42,False,294,2025-11-19T02:01:42Z
401823343114563691,114563691,JumpShot,Hayden Wood missed Three Point Jumper.,53,76,2nd Half,1:36,False,294,2025-11-19T02:01:48Z
401823343114563692,114563692,Offensive Rebound,Charles Caporaso Offensive Rebound.,53,76,2nd Half,1:34,False,294,2025-11-19T02:01:50Z
401823343114563693,114563693,LayUpShot,Charles Caporaso missed Layup.,53,76,2nd Half,1:31,False,294,2025-11-19T02:01:54Z
401823343114563699,114563699,Defensive Rebound,Emmanuel Kanga Defensive Rebound.,53,76,2nd Half,1:23,False,2244,2025-11-19T02:02:01Z
401823343114563785,114563785,JumpShot,Ben Woodward missed Three Point Jumper.,53,76,2nd Half,1:09,False,2244,2025-11-19T02:02:16Z
401823343114563807,114563807,Defensive Rebound,Enrico Borio Defensive Rebound.,53,76,2nd Half,1:06,False,294,2025-11-19T02:02:18Z
401823343114563822,114563822,JumpShot,Michael Harper Jr. made Jumper.,55,76,2nd Half,0:56,True,294,2025-11-19T02:02:28Z
401823343114563891,114563891,LayUpShot,Devin Booker made Layup. Assisted by Emmanuel Kanga.,55,78,2nd Half,0:40,True,2244,2025-11-19T02:02:52Z
401823343114563904,114563904,PersonalFoul,Foul on Enrico Borio.,55,78,2nd Half,0:40,False,294,2025-11-19T02:02:55Z
401823343114563961,114563961,MadeFreeThrow,Devin Booker made Free Throw.,55,79,2nd Half,0:40,True,2244,2025-11-19T02:03:13Z
401823343114564040,114564040,LayUpShot,Jaylen Jones missed Layup.,55,79,2nd Half,0:29,False,294,2025-11-19T02:03:26Z
401823343114564041,114564041,Defensive Rebound,Emmanuel Kanga Defensive Rebound.,55,79,2nd Half,0:26,False,2244,2025-11-19T02:03:29Z
401823343114564068,114564068,Lost Ball Turnover,Devin Booker Turnover.,55,79,2nd Half,0:24,False,2244,2025-11-19T02:03:37Z
401823343114564153,114564153,JumpShot,Michael Harper Jr. made Jumper.,57,79,2nd Half,0:17,True,294,2025-11-19T02:04:00Z
401823343114564259,114564259,End Period,End of 2nd half,57,79,2nd Half,0:00,False,,2025-11-19T02:04:20Z
401823343114564274,114564274,End Game,End of Game,57,79,2nd Half,0:00,False,,2025-11-19T02:04:29Z
