play_id,sequence_number,type,description,away_score,home_score,period,clock,scoring_play,team_id,timestamp_utc
401721020101805501,101805501,Lost Ball Turnover,Yusuf Jihad Turnover.,0,0,1st Half,19:44,False,2199,2024-11-08T17:03:47Z
401721020101805502,101805502,Steal,Kobe Clark Steal.,0,0,1st Half,19:44,False,2562,2024-11-08T17:03:47Z
401721020101805503,101805503,PersonalFoul,Foul on Yusuf Jihad.,0,0,1st Half,19:44,False,2199,2024-11-08T17:03:47Z
401721020101808001,101808001,LayUpShot,Kobe Clark made Layup.,2,0,1st Half,19:19,True,2562,2024-11-08T17:03:59Z
401721020101809401,101809401,Lost Ball Turnover,Jalin Billingsley Turnover.,2,0,1st Half,19:05,False,2199,2024-11-08T17:04:12Z
401721020101816201,101816201,JumpShot,Jasiah Rainey missed Three Point Jumper.,2,0,1st Half,18:37,False,2562,2024-11-08T17:05:13Z
401721020101816401,101816401,Defensive Rebound,Eastern Michigan Defensive Rebound.,2,0,1st Half,18:35,False,2199,2024-11-08T17:05:13Z
401721020101817801,101817801,LayUpShot,Jalen Terry made Layup.,2,2,1st Half,18:21,True,2199,2024-11-08T17:05:13Z
401721020101819601,101819601,JumpShot,Brent Wiles missed Three Point Jumper.,2,2,1st Half,18:03,False,2562,2024-11-08T17:05:26Z
401721020101819901,101819901,Defensive Rebound,Jalen Terry Defensive Rebound.,2,2,1st Half,18:00,False,2199,2024-11-08T17:05:26Z
401721020101824401,101824401,PersonalFoul,Foul on Jailen Campbell.,2,2,1st Half,17:55,False,2562,2024-11-08T17:05:37Z
401721020101824402,101824402,MadeFreeThrow,Jalin Billingsley made Free Throw.,2,3,1st Half,17:55,True,2199,2024-11-08T17:05:37Z
401721020101824403,101824403,MadeFreeThrow,Jalin Billingsley made Free Throw.,2,4,1st Half,17:55,True,2199,2024-11-08T17:05:37Z
401721020101826001,101826001,LayUpShot,Jonas Tester made Layup. Assisted by Kobe Clark.,4,4,1st Half,17:39,True,2562,2024-11-08T17:07:14Z
401721020101827401,101827401,LayUpShot,Yusuf Jihad missed Layup.,4,4,1st Half,17:25,False,2199,2024-11-08T17:07:14Z
401721020101827701,101827701,Offensive Rebound,Yusuf Jihad Offensive Rebound.,4,4,1st Half,17:22,False,2199,2024-11-08T17:07:14Z
401721020101827702,101827702,JumpShot,Yusuf Jihad missed Jumper.,4,4,1st Half,17:22,False,2199,2024-11-08T17:07:14Z
401721020101828101,101828101,Defensive Rebound,Kobe Clark Defensive Rebound.,4,4,1st Half,17:18,False,2562,2024-11-08T17:07:14Z
401721020101829801,101829801,JumpShot,Brent Wiles missed Three Point Jumper.,4,4,1st Half,17:01,False,2562,2024-11-08T17:07:14Z
401721020101834101,101834101,Defensive Rebound,Jalen Terry Defensive Rebound.,4,4,1st Half,16:58,False,2199,2024-11-08T17:07:14Z
401721020101834401,101834401,PersonalFoul,Foul on Brent Wiles.,4,4,1st Half,16:55,False,2562,2024-11-08T17:07:14Z
401721020101835301,101835301,JumpShot,Jalin Billingsley made Jumper. Assisted by Julian Lewis.,4,6,1st Half,16:46,True,2199,2024-11-08T17:08:03Z
401721020101836301,101836301,LayUpShot,Kobe Clark made Layup.,6,6,1st Half,16:36,True,2562,2024-11-08T17:09:25Z
401721020101837101,101837101,PersonalFoul,Foul on Jonas Tester.,6,6,1st Half,16:28,False,2562,2024-11-08T17:09:25Z
401721020101837601,101837601,LayUpShot,Jalin Billingsley made Layup. Assisted by Trey Pettigrew.,6,8,1st Half,16:23,True,2199,2024-11-08T17:09:25Z
401721020101839801,101839801,JumpShot,Kobe Clark missed Jumper.,6,8,1st Half,16:01,False,2562,2024-11-08T17:09:25Z
401721020101844101,101844101,Defensive Rebound,John Shanu II Defensive Rebound.,6,8,1st Half,15:58,False,2199,2024-11-08T17:09:25Z
401721020101844701,101844701,JumpShot,Jalin Billingsley missed Three Point Jumper.,6,8,1st Half,15:52,False,2199,2024-11-08T17:09:25Z
401721020101845101,101845101,Offensive Rebound,John Shanu II Offensive Rebound.,6,8,1st Half,15:48,False,2199,2024-11-08T17:09:25Z
401721020101845102,101845102,PersonalFoul,Foul on Jailen Campbell.,6,8,1st Half,15:48,False,2562,2024-11-08T17:09:25Z
401721020101845103,101845103,OfficialTVTimeOut, Official TV Timeout,6,8,1st Half,15:48,False,,2024-11-08T17:09:25Z
401721020101845104,101845104,MadeFreeThrow,John Shanu II made Free Throw.,6,9,1st Half,15:48,True,2199,2024-11-08T17:09:25Z
401721020101845105,101845105,MadeFreeThrow,John Shanu II made Free Throw.,6,10,1st Half,15:48,True,2199,2024-11-08T17:09:25Z
401721020101846601,101846601,Lost Ball Turnover,Kobe Clark Turnover.,6,10,1st Half,15:33,False,2562,2024-11-08T17:13:25Z
401721020101846602,101846602,Steal,Jalin Billingsley Steal.,6,10,1st Half,15:33,False,2199,2024-11-08T17:13:25Z
401721020101847101,101847101,LayUpShot,Jalin Billingsley made Layup. Assisted by John Shanu II.,6,12,1st Half,15:28,True,2199,2024-11-08T17:19:13Z
401721020101847901,101847901,PersonalFoul,Foul on Jalen Terry.,6,12,1st Half,15:20,False,2199,2024-11-08T17:13:25Z
401721020101848801,101848801,LayUpShot,George Kalatzis made Layup.,8,12,1st Half,15:11,True,2562,2024-11-08T17:13:25Z
401721020101849501,101849501,LayUpShot,Trey Pettigrew made Layup. Assisted by Dillon Tingler.,8,14,1st Half,15:04,True,2199,2024-11-08T17:13:25Z
401721020101856001,101856001,PersonalFoul,Foul on George Kalatzis.,8,14,1st Half,14:39,False,2562,2024-11-08T17:13:37Z
401721020101856002,101856002,Lost Ball Turnover,George Kalatzis Turnover.,8,14,1st Half,14:39,False,2562,2024-11-08T17:13:37Z
401721020101857701,101857701,LayUpShot,Godslove Nwabude made Layup. Assisted by Trey Pettigrew.,8,16,1st Half,14:22,True,2199,2024-11-08T17:15:13Z
401721020101859001,101859001,LayUpShot,Jonas Tester made Layup.,10,16,1st Half,14:09,True,2562,2024-11-08T17:15:13Z
401721020101864201,101864201,Lost Ball Turnover,John Shanu II Turnover.,10,16,1st Half,13:57,False,2199,2024-11-08T17:47:47Z
401721020101864202,101864202,Steal,Kobe Clark Steal.,10,16,1st Half,13:57,False,2562,2024-11-08T17:15:13Z
401721020101864701,101864701,LayUpShot,Nate Houston Iii made Layup.,12,16,1st Half,13:52,True,2562,2024-11-08T17:15:13Z
401721020101864702,101864702,PersonalFoul,Foul on Christian Henry.,12,16,1st Half,13:52,False,2199,2024-11-08T17:15:13Z
401721020101864703,101864703,MadeFreeThrow,Nate Houston Iii made Free Throw.,13,16,1st Half,13:52,True,2562,2024-11-08T17:15:13Z
401721020101866101,101866101,Lost Ball Turnover,John Shanu II Turnover.,13,16,1st Half,13:38,False,2199,2024-11-08T17:15:49Z
401721020101866102,101866102,Steal,Nate Houston Iii Steal.,13,16,1st Half,13:38,False,2562,2024-11-08T17:15:49Z
401721020101867501,101867501,JumpShot,Nate Houston Iii missed Jumper.,13,16,1st Half,13:24,False,2562,2024-11-08T17:17:12Z
401721020101867801,101867801,Defensive Rebound,Christian Henry Defensive Rebound.,13,16,1st Half,13:21,False,2199,2024-11-08T17:17:12Z
401721020101868401,101868401,JumpShot,Dillon Tingler missed Three Point Jumper.,13,16,1st Half,13:15,False,2199,2024-11-08T17:17:12Z
401721020101868701,101868701,Offensive Rebound,Godslove Nwabude Offensive Rebound.,13,16,1st Half,13:12,False,2199,2024-11-08T17:17:12Z
401721020101869001,101869001,LayUpShot,Trey Pettigrew missed Layup.,13,16,1st Half,13:09,False,2199,2024-11-08T17:17:12Z
401721020101869301,101869301,Offensive Rebound,Godslove Nwabude Offensive Rebound.,13,16,1st Half,13:06,False,2199,2024-11-08T17:17:12Z
401721020101869401,101869401,LayUpShot,Godslove Nwabude missed Layup.,13,16,1st Half,13:05,False,2199,2024-11-08T17:17:12Z
401721020101869601,101869601,Offensive Rebound,Godslove Nwabude Offensive Rebound.,13,16,1st Half,13:03,False,2199,2024-11-08T17:17:12Z
401721020101874401,101874401,JumpShot,Christian Henry made Three Point Jumper. Assisted by Godslove Nwabude.,13,19,1st Half,12:55,True,2199,2024-11-08T17:17:12Z
401721020101875701,101875701,JumpShot,Brent Wiles missed Three Point Jumper.,13,19,1st Half,12:42,False,2562,2024-11-08T17:17:12Z
401721020101875901,101875901,Offensive Rebound,Jasiah Rainey Offensive Rebound.,13,19,1st Half,12:40,False,2562,2024-11-08T17:17:12Z
401721020101876601,101876601,JumpShot,Brent Wiles missed Jumper.,13,19,1st Half,12:33,False,2562,2024-11-08T17:17:12Z
401721020101876701,101876701,Offensive Rebound,Siena Heights Offensive Rebound.,13,19,1st Half,12:32,False,2562,2024-11-08T17:17:12Z
401721020101878201,101878201,LayUpShot,George Kalatzis made Layup.,15,19,1st Half,12:17,True,2562,2024-11-08T17:17:47Z
401721020101879101,101879101,LayUpShot,Jalin Billingsley made Layup. Assisted by Christian Henry.,15,21,1st Half,12:08,True,2199,2024-11-08T17:17:47Z
401721020101884401,101884401,JumpShot,Jasiah Rainey made Jumper.,17,21,1st Half,11:55,True,2562,2024-11-08T17:17:59Z
401721020101886501,101886501,JumpShot,Jalin Billingsley missed Three Point Jumper.,17,21,1st Half,11:34,False,2199,2024-11-08T17:19:13Z
401721020101886801,101886801,Offensive Rebound,Godslove Nwabude Offensive Rebound.,17,21,1st Half,11:31,False,2199,2024-11-08T17:19:13Z
401721020101886901,101886901,LayUpShot,Godslove Nwabude made Layup.,17,23,1st Half,11:30,True,2199,2024-11-08T17:19:13Z
401721020101889601,101889601,Lost Ball Turnover,George Kalatzis Turnover.,17,23,1st Half,11:03,False,2562,2024-11-08T17:19:13Z
401721020101889602,101889602,Steal,Godslove Nwabude Steal.,17,23,1st Half,11:03,False,2199,2024-11-08T17:19:13Z
401721020101894201,101894201,JumpShot,Trey Pettigrew missed Three Point Jumper.,17,23,1st Half,10:57,False,2199,2024-11-08T17:19:13Z
401721020101894601,101894601,Defensive Rebound,Siena Heights Defensive Rebound.,17,23,1st Half,10:53,False,2562,2024-11-08T17:19:13Z
401721020101894602,101894602,OfficialTVTimeOut, Official TV Timeout,17,23,1st Half,10:53,False,,2024-11-08T17:19:13Z
401721020101897501,101897501,PersonalFoul,Foul on Christian Henry.,17,23,1st Half,10:24,False,2199,2024-11-08T17:21:49Z
401721020101897502,101897502,MadeFreeThrow,Nate Houston Iii made Free Throw.,18,23,1st Half,10:24,True,2562,2024-11-08T17:47:47Z
401721020101897503,101897503,MadeFreeThrow,Nate Houston Iii missed Free Throw.,18,23,1st Half,10:24,False,2562,2024-11-08T17:47:47Z
401721020101904101,101904101,Defensive Rebound,Jalin Billingsley Defensive Rebound.,18,23,1st Half,9:58,False,2199,2024-11-08T17:47:47Z
401721020101904501,101904501,PersonalFoul,Foul on Tj Fischhaber.,18,23,1st Half,9:54,False,2562,2024-11-08T17:47:47Z
401721020101904502,101904502,MadeFreeThrow,Jalin Billingsley made Free Throw.,18,24,1st Half,9:54,True,2199,2024-11-08T17:47:47Z
401721020101904503,101904503,MadeFreeThrow,Jalin Billingsley made Free Throw.,18,25,1st Half,9:54,True,2199,2024-11-08T17:47:47Z
401721020101907501,101907501,JumpShot,Kobe Clark missed Three Point Jumper.,18,25,1st Half,9:24,False,2562,2024-11-08T17:47:47Z
401721020101907801,101907801,Defensive Rebound,Jalen Terry Defensive Rebound.,18,25,1st Half,9:21,False,2199,2024-11-08T17:25:24Z
401721020101908601,101908601,JumpShot,Jalin Billingsley made Three Point Jumper. Assisted by Yusuf Jihad.,18,28,1st Half,9:13,True,2199,2024-11-08T17:47:47Z
401721020101914101,101914101,JumpShot,Jonas Tester made Jumper.,20,28,1st Half,8:58,True,2562,2024-11-08T17:47:47Z
401721020101914701,101914701,PersonalFoul,Foul on Yusuf Jihad.,20,28,1st Half,8:52,False,2199,2024-11-08T17:26:00Z
401721020101914702,101914702,Lost Ball Turnover,Yusuf Jihad Turnover.,20,28,1st Half,8:52,False,2199,2024-11-08T17:26:00Z
401721020101916201,101916201,LayUpShot,Jonas Tester missed Layup.,20,28,1st Half,8:37,False,2562,2024-11-08T17:47:47Z
401721020101916202,101916202,Block Shot,Godslove Nwabude Block.,20,28,1st Half,8:37,False,2199,2024-11-08T17:47:47Z
401721020101916601,101916601,Offensive Rebound,Kobe Clark Offensive Rebound.,20,28,1st Half,8:33,False,2562,2024-11-08T17:47:47Z
401721020101917401,101917401,Lost Ball Turnover,Jonas Tester Turnover.,20,28,1st Half,8:25,False,2562,2024-11-08T17:47:47Z
401721020101917402,101917402,Steal,Trey Pettigrew Steal.,20,28,1st Half,8:25,False,2199,2024-11-08T17:47:47Z
401721020101917901,101917901,LayUpShot,Jalen Terry made Layup. Assisted by Trey Pettigrew.,20,30,1st Half,8:20,True,2199,2024-11-08T17:27:13Z
401721020101917902,101917902,PersonalFoul,Foul on Tj Fischhaber.,20,30,1st Half,8:20,False,2562,2024-11-08T17:27:13Z
401721020101917903,101917903,MadeFreeThrow,Jalen Terry made Free Throw.,20,31,1st Half,8:20,True,2199,2024-11-08T17:27:13Z
401721020101919401,101919401,JumpShot,Kobe Clark made Three Point Jumper. Assisted by Tj Fischhaber.,23,31,1st Half,8:05,True,2562,2024-11-08T17:47:47Z
401721020101924401,101924401,Lost Ball Turnover,Julian Lewis Turnover.,23,31,1st Half,7:55,False,2199,2024-11-08T17:47:47Z
401721020101924402,101924402,Steal,Kobe Clark Steal.,23,31,1st Half,7:55,False,2562,2024-11-08T17:47:47Z
401721020101925101,101925101,PersonalFoul,Foul on Godslove Nwabude.,23,31,1st Half,7:48,False,2199,2024-11-08T17:29:12Z
401721020101925102,101925102,OfficialTVTimeOut, Official TV Timeout,23,31,1st Half,7:48,False,,2024-11-08T17:29:12Z
401721020101925103,101925103,MadeFreeThrow,Jasiah Rainey made Free Throw.,24,31,1st Half,7:48,True,2562,2024-11-08T17:29:12Z
401721020101925104,101925104,MadeFreeThrow,Jasiah Rainey made Free Throw.,25,31,1st Half,7:48,True,2562,2024-11-08T17:29:12Z
401721020101927001,101927001,JumpShot,Jalin Billingsley missed Jumper.,25,31,1st Half,7:29,False,2199,2024-11-08T17:47:47Z
401721020101927401,101927401,Offensive Rebound,Godslove Nwabude Offensive Rebound.,25,31,1st Half,7:25,False,2199,2024-11-08T17:47:47Z
401721020101928201,101928201,PersonalFoul,Foul on Jasiah Rainey.,25,31,1st Half,7:17,False,2562,2024-11-08T17:33:13Z
401721020101928202,101928202,MadeFreeThrow,Julian Lewis missed Free Throw.,25,31,1st Half,7:17,False,2199,2024-11-08T17:33:13Z
401721020101928203,101928203,Offensive Rebound,Jalin Billingsley Offensive Rebound.,25,31,1st Half,7:17,False,2199,2024-11-08T17:33:13Z
401721020101928204,101928204,LayUpShot,Jalin Billingsley made Layup.,25,33,1st Half,7:17,True,2199,2024-11-08T17:33:13Z
401721020101929701,101929701,PersonalFoul,Foul on Godslove Nwabude.,25,33,1st Half,7:02,False,2199,2024-11-08T17:33:24Z
401721020101929702,101929702,MadeFreeThrow,George Kalatzis missed Free Throw.,25,33,1st Half,7:02,False,2562,2024-11-08T17:33:24Z
401721020101929703,101929703,Dead Ball Rebound,Siena Heights Deadball Team Rebound.,25,33,1st Half,7:02,False,2562,2024-11-08T17:33:24Z
401721020101929704,101929704,MadeFreeThrow,George Kalatzis made Free Throw.,26,33,1st Half,7:02,True,2562,2024-11-08T17:33:24Z
401721020101935101,101935101,JumpShot,Trey Pettigrew missed Three Point Jumper.,26,33,1st Half,6:48,False,2199,2024-11-08T17:47:47Z
401721020101935301,101935301,Offensive Rebound,Eastern Michigan Offensive Rebound.,26,33,1st Half,6:46,False,2199,2024-11-08T17:47:47Z
401721020101937201,101937201,Lost Ball Turnover,Julian Lewis Turnover.,26,33,1st Half,6:27,False,2199,2024-11-08T17:47:47Z
401721020101937202,101937202,Steal,Jonas Tester Steal.,26,33,1st Half,6:27,False,2562,2024-11-08T17:47:47Z
401721020101939801,101939801,Lost Ball Turnover,Kobe Clark Turnover.,26,33,1st Half,6:01,False,2562,2024-11-08T17:47:47Z
401721020101939802,101939802,Steal,Trey Pettigrew Steal.,26,33,1st Half,6:01,False,2199,2024-11-08T17:47:47Z
401721020101944701,101944701,LayUpShot,John Shanu II made Layup. Assisted by Jalen Terry.,26,35,1st Half,5:52,True,2199,2024-11-08T17:47:47Z
401721020101946401,101946401,JumpShot,Jasiah Rainey missed Three Point Jumper.,26,35,1st Half,5:35,False,2562,2024-11-08T17:47:47Z
401721020101946801,101946801,Defensive Rebound,Julian Lewis Defensive Rebound.,26,35,1st Half,5:31,False,2199,2024-11-08T17:47:47Z
401721020101947901,101947901,JumpShot,Jalen Terry missed Three Point Jumper.,26,35,1st Half,5:20,False,2199,2024-11-08T17:47:47Z
401721020101948201,101948201,Defensive Rebound,Jonas Tester Defensive Rebound.,26,35,1st Half,5:17,False,2562,2024-11-08T17:47:47Z
401721020101954701,101954701,JumpShot,Jailen Campbell made Three Point Jumper. Assisted by Brent Wiles.,29,35,1st Half,4:52,True,2562,2024-11-08T17:47:47Z
401721020101955901,101955901,PersonalFoul,Foul on Jailen Campbell.,29,35,1st Half,4:40,False,2562,2024-11-08T17:37:26Z
401721020101955902,101955902,MadeFreeThrow,John Shanu II missed Free Throw.,29,35,1st Half,4:40,False,2199,2024-11-08T17:37:26Z
401721020101955903,101955903,Offensive Rebound,Dillon Tingler Offensive Rebound.,29,35,1st Half,4:40,False,2199,2024-11-08T17:37:26Z
401721020101955904,101955904,JumpShot,Dillon Tingler missed Jumper.,29,35,1st Half,4:40,False,2199,2024-11-08T17:37:26Z
401721020101955905,101955905,Block Shot,Jailen Campbell Block.,29,35,1st Half,4:40,False,2562,2024-11-08T17:37:26Z
401721020101955906,101955906,Defensive Rebound,Kobe Clark Defensive Rebound.,29,35,1st Half,4:40,False,2562,2024-11-08T17:37:26Z
401721020101958101,101958101,Lost Ball Turnover,Kobe Clark Turnover.,29,35,1st Half,4:18,False,2562,2024-11-08T17:47:47Z
401721020101959801,101959801,PersonalFoul,Foul on Godslove Nwabude.,29,35,1st Half,4:01,False,2199,2024-11-08T17:39:12Z
401721020101959802,101959802,Lost Ball Turnover,Godslove Nwabude Turnover.,29,35,1st Half,4:01,False,2199,2024-11-08T17:39:12Z
401721020101959803,101959803,OfficialTVTimeOut, Official TV Timeout,29,35,1st Half,4:01,False,,2024-11-08T17:39:12Z
401721020101965101,101965101,Lost Ball Turnover,Jasiah Rainey Turnover.,29,35,1st Half,3:48,False,2562,2024-11-08T17:47:47Z
401721020101966601,101966601,Lost Ball Turnover,Christian Henry Turnover.,29,35,1st Half,3:33,False,2199,2024-11-08T17:47:47Z
401721020101966602,101966602,Steal,Jonas Tester Steal.,29,35,1st Half,3:33,False,2562,2024-11-08T17:47:47Z
401721020101968801,101968801,JumpShot,Kobe Clark missed Three Point Jumper.,29,35,1st Half,3:11,False,2562,2024-11-08T17:47:47Z
401721020101969101,101969101,Offensive Rebound,Jailen Campbell Offensive Rebound.,29,35,1st Half,3:08,False,2562,2024-11-08T17:47:47Z
401721020101969301,101969301,LayUpShot,Jailen Campbell missed Layup.,29,35,1st Half,3:06,False,2562,2024-11-08T17:47:47Z
401721020101969302,101969302,Block Shot,Jalin Billingsley Block.,29,35,1st Half,3:06,False,2199,2024-11-08T17:47:47Z
401721020101969901,101969901,Offensive Rebound,Brent Wiles Offensive Rebound.,29,35,1st Half,3:00,False,2562,2024-11-08T17:47:47Z
401721020101969902,101969902,LayUpShot,Brent Wiles missed Layup.,29,35,1st Half,3:00,False,2562,2024-11-08T17:47:47Z
401721020101969903,101969903,Block Shot,Jalin Billingsley Block.,29,35,1st Half,3:00,False,2199,2024-11-08T17:47:47Z
401721020101974401,101974401,Defensive Rebound,Jalin Billingsley Defensive Rebound.,29,35,1st Half,2:55,False,2199,2024-11-08T17:47:47Z
401721020101974501,101974501,Lost Ball Turnover,Christian Henry Turnover.,29,35,1st Half,2:54,False,2199,2024-11-08T17:47:47Z
401721020101974502,101974502,Steal,Jonas Tester Steal.,29,35,1st Half,2:54,False,2562,2024-11-08T17:47:47Z
401721020101975501,101975501,JumpShot,Kobe Clark made Jumper.,31,35,1st Half,2:44,True,2562,2024-11-08T17:47:47Z
401721020101977401,101977401,JumpShot,Jalin Billingsley missed Three Point Jumper.,31,35,1st Half,2:25,False,2199,2024-11-08T17:47:47Z
401721020101977701,101977701,Defensive Rebound,Kobe Clark Defensive Rebound.,31,35,1st Half,2:22,False,2562,2024-11-08T17:47:47Z
401721020101979601,101979601,JumpShot,Jonas Tester made Jumper. Assisted by Kobe Clark.,33,35,1st Half,2:03,True,2562,2024-11-08T17:47:47Z
401721020101979901,101979901,ShortTimeOut,Eastern Michigan  Timeout,33,35,1st Half,2:00,False,2199,2024-11-08T17:43:37Z
401721020101986301,101986301,JumpShot,Jalin Billingsley missed Jumper.,33,35,1st Half,1:36,False,2199,2024-11-08T17:47:47Z
401721020101986601,101986601,Defensive Rebound,Jonas Tester Defensive Rebound.,33,35,1st Half,1:33,False,2562,2024-11-08T17:45:14Z
401721020101986801,101986801,ShortTimeOut,Siena Heights  Timeout,33,35,1st Half,1:31,False,2562,2024-11-08T17:45:25Z
401721020101989001,101989001,Lost Ball Turnover,Jailen Campbell Turnover.,33,35,1st Half,1:09,False,2562,2024-11-08T17:47:13Z
401721020101994901,101994901,JumpShot,Jalen Terry made Three Point Jumper. Assisted by Trey Pettigrew.,33,38,1st Half,0:50,True,2199,2024-11-08T17:47:47Z
401721020101997701,101997701,JumpShot,Kobe Clark missed Three Point Jumper.,33,38,1st Half,0:22,False,2562,2024-11-08T17:47:47Z
401721020101998001,101998001,Defensive Rebound,Jalin Billingsley Defensive Rebound.,33,38,1st Half,0:19,False,2199,2024-11-08T17:47:47Z
401721020101999701,101999701,JumpShot,Yusuf Jihad made Jumper. Assisted by Jalen Terry.,33,40,1st Half,0:02,True,2199,2024-11-08T17:47:47Z
401721020101999901,101999901,End Period,End of 1st half,33,40,1st Half,0:00,False,,2024-11-08T17:47:47Z
401721020102804901,102804901,Lost Ball Turnover,Yusuf Jihad Turnover.,33,40,2nd Half,19:50,False,2199,2024-11-08T18:49:57Z
401721020102804902,102804902,Steal,Kobe Clark Steal.,33,40,2nd Half,19:50,False,2562,2024-11-08T18:49:57Z
401721020102805401,102805401,Lost Ball Turnover,Jailen Campbell Turnover.,33,40,2nd Half,19:45,False,2562,2024-11-08T18:49:57Z
401721020102805402,102805402,Steal,Christian Henry Steal.,33,40,2nd Half,19:45,False,2199,2024-11-08T18:49:57Z
401721020102806901,102806901,JumpShot,Yusuf Jihad made Jumper.,33,42,2nd Half,19:30,True,2199,2024-11-08T18:49:57Z
401721020102814001,102814001,JumpShot,Jonas Tester missed Three Point Jumper.,33,42,2nd Half,18:59,False,2562,2024-11-08T18:06:00Z
401721020102814002,102814002,Dead Ball Rebound,Siena Heights Deadball Team Rebound.,33,42,2nd Half,18:59,False,2562,2024-11-08T18:06:00Z
401721020102814003,102814003,PersonalFoul,Foul on Jalen Terry.,33,42,2nd Half,18:59,False,2199,2024-11-08T18:06:00Z
401721020102816101,102816101,LayUpShot,Jasiah Rainey missed Layup.,33,42,2nd Half,18:38,False,2562,2024-11-08T18:49:57Z
401721020102816701,102816701,Defensive Rebound,Jalen Terry Defensive Rebound.,33,42,2nd Half,18:32,False,2199,2024-11-08T18:49:57Z
401721020102817401,102817401,JumpShot,Christian Henry made Jumper.,33,44,2nd Half,18:25,True,2199,2024-11-08T18:49:57Z
401721020102819701,102819701,JumpShot,Kobe Clark missed Three Point Jumper.,33,44,2nd Half,18:02,False,2562,2024-11-08T18:49:57Z
401721020102824101,102824101,Defensive Rebound,Jalen Terry Defensive Rebound.,33,44,2nd Half,17:58,False,2199,2024-11-08T18:07:11Z
401721020102825501,102825501,JumpShot,Jalin Billingsley missed Jumper.,33,44,2nd Half,17:44,False,2199,2024-11-08T18:49:57Z
401721020102825801,102825801,Defensive Rebound,Kobe Clark Defensive Rebound.,33,44,2nd Half,17:41,False,2562,2024-11-08T18:07:23Z
401721020102826301,102826301,JumpShot,Jasiah Rainey missed Three Point Jumper.,33,44,2nd Half,17:36,False,2562,2024-11-08T18:49:57Z
401721020102826501,102826501,Offensive Rebound,Siena Heights Offensive Rebound.,33,44,2nd Half,17:34,False,2562,2024-11-08T18:07:36Z
401721020102827001,102827001,LayUpShot,Kobe Clark made Layup. Assisted by Jonas Tester.,35,44,2nd Half,17:29,True,2562,2024-11-08T18:49:57Z
401721020102829001,102829001,JumpShot,Jalen Terry made Jumper.,35,46,2nd Half,17:09,True,2199,2024-11-08T18:49:57Z
401721020102834101,102834101,LayUpShot,Jonas Tester missed Layup.,35,46,2nd Half,16:58,False,2562,2024-11-08T18:49:57Z
401721020102834401,102834401,Offensive Rebound,Kobe Clark Offensive Rebound.,35,46,2nd Half,16:55,False,2562,2024-11-08T18:49:57Z
401721020102834501,102834501,LayUpShot,Kobe Clark missed Layup.,35,46,2nd Half,16:54,False,2562,2024-11-08T18:49:57Z
401721020102835001,102835001,Offensive Rebound,Brent Wiles Offensive Rebound.,35,46,2nd Half,16:49,False,2562,2024-11-08T18:49:57Z
401721020102835501,102835501,PersonalFoul,Foul on Jonas Tester.,35,46,2nd Half,16:44,False,2562,2024-11-08T18:09:12Z
401721020102835502,102835502,MadeFreeThrow,Christian Henry made Free Throw.,35,47,2nd Half,16:44,True,2199,2024-11-08T18:09:12Z
401721020102835503,102835503,MadeFreeThrow,Christian Henry missed Free Throw.,35,47,2nd Half,16:44,False,2199,2024-11-08T18:09:12Z
401721020102835504,102835504,Defensive Rebound,Brent Wiles Defensive Rebound.,35,47,2nd Half,16:44,False,2562,2024-11-08T18:09:12Z
401721020102835505,102835505,LayUpShot,Brent Wiles made Layup.,37,47,2nd Half,16:44,True,2562,2024-11-08T18:09:12Z
401721020102838101,102838101,Lost Ball Turnover,Brent Wiles Turnover.,37,47,2nd Half,16:18,False,2562,2024-11-08T18:49:57Z
401721020102838102,102838102,Steal,Yusuf Jihad Steal.,37,47,2nd Half,16:18,False,2199,2024-11-08T18:49:57Z
401721020102838501,102838501,PersonalFoul,Foul on Kobe Clark.,37,47,2nd Half,16:14,False,2562,2024-11-08T18:09:58Z
401721020102838502,102838502,MadeFreeThrow,Christian Henry made Free Throw.,37,48,2nd Half,16:14,True,2199,2024-11-08T18:09:58Z
401721020102838503,102838503,MadeFreeThrow,Christian Henry missed Free Throw.,37,48,2nd Half,16:14,False,2199,2024-11-08T18:09:58Z
401721020102838504,102838504,Defensive Rebound,Jonas Tester Defensive Rebound.,37,48,2nd Half,16:14,False,2562,2024-11-08T18:09:58Z
401721020102838505,102838505,Lost Ball Turnover,Jonas Tester Turnover.,37,48,2nd Half,16:14,False,2562,2024-11-08T18:09:58Z
401721020102838506,102838506,Steal,Jalen Terry Steal.,37,48,2nd Half,16:14,False,2199,2024-11-08T18:09:58Z
401721020102838507,102838507,JumpShot,Yusuf Jihad missed Three Point Jumper.,37,48,2nd Half,16:14,False,2199,2024-11-08T18:09:58Z
401721020102838901,102838901,Offensive Rebound,Jalen Terry Offensive Rebound.,37,48,2nd Half,16:10,False,2199,2024-11-08T18:49:57Z
401721020102839001,102839001,PersonalFoul,Foul on Jonas Tester.,37,48,2nd Half,16:09,False,2562,2024-11-08T18:49:57Z
401721020102839501,102839501,OfficialTVTimeOut, Official TV Timeout,37,48,2nd Half,16:04,False,,2024-11-08T18:11:23Z
401721020102839701,102839701,PersonalFoul,Foul on George Kalatzis.,37,48,2nd Half,16:02,False,2562,2024-11-08T18:13:36Z
401721020102839702,102839702,MadeFreeThrow,Yusuf Jihad made Free Throw.,37,49,2nd Half,16:02,True,2199,2024-11-08T18:13:36Z
401721020102839703,102839703,MadeFreeThrow,Yusuf Jihad missed Free Throw.,37,49,2nd Half,16:02,False,2199,2024-11-08T18:13:36Z
401721020102839704,102839704,Defensive Rebound,Jailen Campbell Defensive Rebound.,37,49,2nd Half,16:02,False,2562,2024-11-08T18:13:36Z
401721020102846701,102846701,Lost Ball Turnover,George Kalatzis Turnover.,37,49,2nd Half,15:32,False,2562,2024-11-08T18:49:57Z
401721020102848401,102848401,JumpShot,Christian Henry missed Jumper.,37,49,2nd Half,15:15,False,2199,2024-11-08T18:49:57Z
401721020102848601,102848601,Offensive Rebound,Godslove Nwabude Offensive Rebound.,37,49,2nd Half,15:13,False,2199,2024-11-08T18:15:13Z
401721020102849201,102849201,JumpShot,Yusuf Jihad made Three Point Jumper. Assisted by Christian Henry.,37,52,2nd Half,15:07,True,2199,2024-11-08T18:49:57Z
401721020102856601,102856601,JumpShot,Nate Houston Iii missed Three Point Jumper.,37,52,2nd Half,14:33,False,2562,2024-11-08T18:49:57Z
401721020102856602,102856602,Block Shot,Jalen Terry Block.,37,52,2nd Half,14:33,False,2199,2024-11-08T18:49:57Z
401721020102857201,102857201,Defensive Rebound,Christian Henry Defensive Rebound.,37,52,2nd Half,14:27,False,2199,2024-11-08T18:49:57Z
401721020102857401,102857401,DunkShot,Jalen Terry made Dunk. Assisted by Christian Henry.,37,54,2nd Half,14:25,True,2199,2024-11-08T18:49:57Z
401721020102858201,102858201,PersonalFoul,Foul on Christian Henry.,37,54,2nd Half,14:17,False,2199,2024-11-08T18:49:57Z
401721020102864001,102864001,JumpShot,Jasiah Rainey missed Jumper.,37,54,2nd Half,13:59,False,2562,2024-11-08T18:49:57Z
401721020102864401,102864401,Defensive Rebound,Jalin Billingsley Defensive Rebound.,37,54,2nd Half,13:55,False,2199,2024-11-08T18:18:11Z
401721020102865401,102865401,PersonalFoul,Foul on John Shanu II.,37,54,2nd Half,13:45,False,2199,2024-11-08T18:49:57Z
401721020102865402,102865402,Lost Ball Turnover,John Shanu II Turnover.,37,54,2nd Half,13:45,False,2199,2024-11-08T18:49:57Z
401721020102866901,102866901,JumpShot,George Kalatzis missed Three Point Jumper.,37,54,2nd Half,13:30,False,2562,2024-11-08T18:49:57Z
401721020102867201,102867201,Defensive Rebound,Julian Lewis Defensive Rebound.,37,54,2nd Half,13:27,False,2199,2024-11-08T18:49:57Z
401721020102867701,102867701,Lost Ball Turnover,Julian Lewis Turnover.,37,54,2nd Half,13:22,False,2199,2024-11-08T18:49:57Z
401721020102867702,102867702,Steal,George Kalatzis Steal.,37,54,2nd Half,13:22,False,2562,2024-11-08T18:49:57Z
401721020102868701,102868701,DunkShot,Nate Houston Iii made Dunk. Assisted by Gavin Sluss.,39,54,2nd Half,13:12,True,2562,2024-11-08T18:49:57Z
401721020102875001,102875001,JumpShot,Jalin Billingsley missed Three Point Jumper.,39,54,2nd Half,12:49,False,2199,2024-11-08T18:49:57Z
401721020102875201,102875201,Offensive Rebound,Trey Pettigrew Offensive Rebound.,39,54,2nd Half,12:47,False,2199,2024-11-08T18:49:57Z
401721020102875401,102875401,PersonalFoul,Foul on Tj Fischhaber.,39,54,2nd Half,12:45,False,2562,2024-11-08T18:19:47Z
401721020102875402,102875402,MadeFreeThrow,Trey Pettigrew made Free Throw.,39,55,2nd Half,12:45,True,2199,2024-11-08T18:19:47Z
401721020102875403,102875403,MadeFreeThrow,Trey Pettigrew made Free Throw.,39,56,2nd Half,12:45,True,2199,2024-11-08T18:19:47Z
401721020102876501,102876501,JumpShot,George Kalatzis missed Three Point Jumper.,39,56,2nd Half,12:34,False,2562,2024-11-08T18:49:57Z
401721020102876801,102876801,Defensive Rebound,Jalin Billingsley Defensive Rebound.,39,56,2nd Half,12:31,False,2199,2024-11-08T18:49:57Z
401721020102878001,102878001,Lost Ball Turnover,Jalin Billingsley Turnover.,39,56,2nd Half,12:19,False,2199,2024-11-08T18:49:57Z
401721020102878002,102878002,Steal,Nate Houston Iii Steal.,39,56,2nd Half,12:19,False,2562,2024-11-08T18:49:57Z
401721020102878501,102878501,LayUpShot,Nate Houston Iii made Layup.,41,56,2nd Half,12:14,True,2562,2024-11-08T18:49:57Z
401721020102879701,102879701,LayUpShot,Jalin Billingsley made Layup. Assisted by Christian Henry.,41,58,2nd Half,12:02,True,2199,2024-11-08T18:49:57Z
401721020102884501,102884501,PersonalFoul,Foul on George Kalatzis.,41,58,2nd Half,11:54,False,2562,2024-11-08T18:21:36Z
401721020102884502,102884502,Lost Ball Turnover,George Kalatzis Turnover.,41,58,2nd Half,11:54,False,2562,2024-11-08T18:21:36Z
401721020102884503,102884503,OfficialTVTimeOut, Official TV Timeout,41,58,2nd Half,11:54,False,,2024-11-08T18:21:36Z
401721020102886101,102886101,JumpShot,Jalin Billingsley missed Jumper.,41,58,2nd Half,11:38,False,2199,2024-11-08T18:49:57Z
401721020102886601,102886601,Offensive Rebound,Jalin Billingsley Offensive Rebound.,41,58,2nd Half,11:33,False,2199,2024-11-08T18:49:57Z
401721020102886701,102886701,JumpShot,Jalin Billingsley made Jumper.,41,60,2nd Half,11:32,True,2199,2024-11-08T18:49:57Z
401721020102887201,102887201,Lost Ball Turnover,George Kalatzis Turnover.,41,60,2nd Half,11:27,False,2562,2024-11-08T18:25:13Z
401721020102889201,102889201,PersonalFoul,Foul on Nate Houston Iii.,41,60,2nd Half,11:07,False,2562,2024-11-08T18:25:37Z
401721020102889202,102889202,MadeFreeThrow,Christian Henry made Free Throw.,41,61,2nd Half,11:07,True,2199,2024-11-08T18:25:37Z
401721020102889203,102889203,MadeFreeThrow,Christian Henry missed Free Throw.,41,61,2nd Half,11:07,False,2199,2024-11-08T18:25:37Z
401721020102889204,102889204,Defensive Rebound,George Kalatzis Defensive Rebound.,41,61,2nd Half,11:07,False,2562,2024-11-08T18:25:37Z
401721020102895301,102895301,JumpShot,Nate Houston Iii made Three Point Jumper. Assisted by Gavin Sluss.,44,61,2nd Half,10:46,True,2562,2024-11-08T18:49:57Z
401721020102896201,102896201,PersonalFoul,Foul on George Kalatzis.,44,61,2nd Half,10:37,False,2562,2024-11-08T18:27:12Z
401721020102896202,102896202,MadeFreeThrow,Christian Henry missed Free Throw.,44,61,2nd Half,10:37,False,2199,2024-11-08T18:27:12Z
401721020102896203,102896203,Defensive Rebound,Tj Fischhaber Defensive Rebound.,44,61,2nd Half,10:37,False,2562,2024-11-08T18:27:12Z
401721020102896204,102896204,PersonalFoul,Foul on Godslove Nwabude.,44,61,2nd Half,10:37,False,2199,2024-11-08T18:27:12Z
401721020102897201,102897201,JumpShot,George Kalatzis missed Three Point Jumper.,44,61,2nd Half,10:27,False,2562,2024-11-08T18:49:57Z
401721020102897601,102897601,Defensive Rebound,Jalin Billingsley Defensive Rebound.,44,61,2nd Half,10:23,False,2199,2024-11-08T18:28:02Z
401721020102898801,102898801,PersonalFoul,Foul on Tj Fischhaber.,44,61,2nd Half,10:11,False,2562,2024-11-08T18:49:57Z
401721020102898802,102898802,MadeFreeThrow,Christian Henry missed Free Throw.,44,61,2nd Half,10:11,False,2199,2024-11-08T18:49:57Z
401721020102898803,102898803,Dead Ball Rebound,Eastern Michigan Deadball Team Rebound.,44,61,2nd Half,10:11,False,2199,2024-11-08T18:49:57Z
401721020102898804,102898804,MadeFreeThrow,Christian Henry made Free Throw.,44,62,2nd Half,10:11,True,2199,2024-11-08T18:49:57Z
401721020102904201,102904201,JumpShot,Nate Houston Iii missed Three Point Jumper.,44,62,2nd Half,9:57,False,2562,2024-11-08T18:49:57Z
401721020102904501,102904501,Defensive Rebound,Yusuf Jihad Defensive Rebound.,44,62,2nd Half,9:54,False,2199,2024-11-08T18:49:57Z
401721020102906101,102906101,LayUpShot,Jalin Billingsley made Layup. Assisted by Dillon Tingler.,44,64,2nd Half,9:38,True,2199,2024-11-08T18:49:57Z
401721020102907201,102907201,PersonalFoul,Foul on Christian Henry.,44,64,2nd Half,9:27,False,2199,2024-11-08T18:29:44Z
401721020102908501,102908501,LayUpShot,George Kalatzis missed Layup.,44,64,2nd Half,9:14,False,2562,2024-11-08T18:49:57Z
401721020102908502,102908502,Block Shot,Dillon Tingler Block.,44,64,2nd Half,9:14,False,2199,2024-11-08T18:49:57Z
401721020102908901,102908901,Defensive Rebound,Jalin Billingsley Defensive Rebound.,44,64,2nd Half,9:10,False,2199,2024-11-08T18:49:57Z
401721020102909801,102909801,Lost Ball Turnover,Yusuf Jihad Turnover.,44,64,2nd Half,9:01,False,2199,2024-11-08T18:49:57Z
401721020102909802,102909802,Steal,Nate Houston Iii Steal.,44,64,2nd Half,9:01,False,2562,2024-11-08T18:49:57Z
401721020102914401,102914401,PersonalFoul,Foul on Jalen Terry.,44,64,2nd Half,8:55,False,2199,2024-11-08T18:49:57Z
401721020102916001,102916001,JumpShot,George Kalatzis missed Jumper.,44,64,2nd Half,8:39,False,2562,2024-11-08T18:31:12Z
401721020102916002,102916002,Defensive Rebound,Jalen Terry Defensive Rebound.,44,64,2nd Half,8:39,False,2199,2024-11-08T18:31:12Z
401721020102916003,102916003,Lost Ball Turnover,Jalen Terry Turnover.,44,64,2nd Half,8:39,False,2199,2024-11-08T18:31:12Z
401721020102917301,102917301,JumpShot,Nate Houston Iii made Three Point Jumper.,47,64,2nd Half,8:26,True,2562,2024-11-08T18:31:50Z
401721020102917302,102917302,PersonalFoul,Foul on Yusuf Jihad.,47,64,2nd Half,8:26,False,2199,2024-11-08T18:31:50Z
401721020102917303,102917303,MadeFreeThrow,Nate Houston Iii made Free Throw.,48,64,2nd Half,8:26,True,2562,2024-11-08T18:31:50Z
401721020102919101,102919101,JumpShot,Jalin Billingsley made Jumper. Assisted by Dillon Tingler.,48,66,2nd Half,8:08,True,2199,2024-11-08T18:49:57Z
401721020102924801,102924801,JumpShot,Matt Selmon made Three Point Jumper. Assisted by George Kalatzis.,51,66,2nd Half,7:51,True,2562,2024-11-08T18:49:57Z
401721020102925501,102925501,LayUpShot,Trey Pettigrew made Layup.,51,68,2nd Half,7:44,True,2199,2024-11-08T18:49:57Z
401721020102926301,102926301,LayUpShot,Nate Houston Iii missed Layup.,51,68,2nd Half,7:36,False,2562,2024-11-08T18:49:57Z
401721020102927401,102927401,Offensive Rebound,Nate Houston Iii Offensive Rebound.,51,68,2nd Half,7:25,False,2562,2024-11-08T18:49:57Z
401721020102927501,102927501,LayUpShot,Tj Fischhaber made Layup.,53,68,2nd Half,7:24,True,2562,2024-11-08T18:49:57Z
401721020102928001,102928001,JumpShot,Jalen Terry missed Three Point Jumper.,53,68,2nd Half,7:19,False,2199,2024-11-08T18:49:57Z
401721020102928401,102928401,Offensive Rebound,John Shanu II Offensive Rebound.,53,68,2nd Half,7:15,False,2199,2024-11-08T18:49:57Z
401721020102928501,102928501,DunkShot,John Shanu II missed Dunk.,53,68,2nd Half,7:14,False,2199,2024-11-08T18:49:57Z
401721020102928901,102928901,Defensive Rebound,Nate Houston Iii Defensive Rebound.,53,68,2nd Half,7:10,False,2562,2024-11-08T18:49:57Z
401721020102929001,102929001,JumpShot,Aidan Wright missed Three Point Jumper.,53,68,2nd Half,7:09,False,2562,2024-11-08T18:49:57Z
401721020102929301,102929301,Defensive Rebound,Trey Pettigrew Defensive Rebound.,53,68,2nd Half,7:06,False,2199,2024-11-08T18:49:57Z
401721020102934201,102934201,JumpShot,Jalin Billingsley made Jumper. Assisted by Dillon Tingler.,53,70,2nd Half,6:57,True,2199,2024-11-08T18:49:57Z
401721020102934901,102934901,JumpShot,Nate Houston Iii missed Three Point Jumper.,53,70,2nd Half,6:50,False,2562,2024-11-08T18:35:36Z
401721020102934902,102934902,Offensive Rebound,Siena Heights Offensive Rebound.,53,70,2nd Half,6:50,False,2562,2024-11-08T18:35:36Z
401721020102934903,102934903,OfficialTVTimeOut, Official TV Timeout,53,70,2nd Half,6:50,False,,2024-11-08T18:35:36Z
401721020102936301,102936301,LayUpShot,Nate Houston Iii missed Layup.,53,70,2nd Half,6:36,False,2562,2024-11-08T18:49:57Z
401721020102936302,102936302,Block Shot,Jalin Billingsley Block.,53,70,2nd Half,6:36,False,2199,2024-11-08T18:49:57Z
401721020102936701,102936701,Defensive Rebound,Godslove Nwabude Defensive Rebound.,53,70,2nd Half,6:32,False,2199,2024-11-08T18:49:57Z
401721020102938001,102938001,JumpShot,Trey Pettigrew missed Three Point Jumper.,53,70,2nd Half,6:19,False,2199,2024-11-08T18:49:57Z
401721020102938301,102938301,Defensive Rebound,Tj Fischhaber Defensive Rebound.,53,70,2nd Half,6:16,False,2562,2024-11-08T18:49:57Z
401721020102938801,102938801,JumpShot,Matt Selmon missed Jumper.,53,70,2nd Half,6:11,False,2562,2024-11-08T18:49:57Z
401721020102939101,102939101,Defensive Rebound,Christian Henry Defensive Rebound.,53,70,2nd Half,6:08,False,2199,2024-11-08T18:49:57Z
401721020102944801,102944801,LayUpShot,Jalin Billingsley made Layup. Assisted by Julian Lewis.,53,72,2nd Half,5:51,True,2199,2024-11-08T18:49:57Z
401721020102947001,102947001,JumpShot,George Kalatzis made Three Point Jumper. Assisted by Matt Selmon.,56,72,2nd Half,5:29,True,2562,2024-11-08T18:49:57Z
401721020102954001,102954001,JumpShot,Jalin Billingsley made Three Point Jumper. Assisted by Julian Lewis.,56,75,2nd Half,4:59,True,2199,2024-11-08T18:49:57Z
401721020102957201,102957201,LayUpShot,Tj Fischhaber missed Layup.,56,75,2nd Half,4:27,False,2562,2024-11-08T18:49:57Z
401721020102957501,102957501,Defensive Rebound,Jalin Billingsley Defensive Rebound.,56,75,2nd Half,4:24,False,2199,2024-11-08T18:39:36Z
401721020102958601,102958601,PersonalFoul,Foul on Tj Fischhaber.,56,75,2nd Half,4:13,False,2562,2024-11-08T18:39:48Z
401721020102958602,102958602,MadeFreeThrow,Godslove Nwabude missed Free Throw.,56,75,2nd Half,4:13,False,2199,2024-11-08T18:39:48Z
401721020102958603,102958603,Dead Ball Rebound,Eastern Michigan Deadball Team Rebound.,56,75,2nd Half,4:13,False,2199,2024-11-08T18:39:48Z
401721020102958604,102958604,MadeFreeThrow,Godslove Nwabude missed Free Throw.,56,75,2nd Half,4:13,False,2199,2024-11-08T18:39:48Z
401721020102958605,102958605,Defensive Rebound,Aidan Wright Defensive Rebound.,56,75,2nd Half,4:13,False,2562,2024-11-08T18:39:48Z
401721020102959401,102959401,JumpShot,Matt Selmon missed Three Point Jumper.,56,75,2nd Half,4:05,False,2562,2024-11-08T18:49:57Z
401721020102959402,102959402,Block Shot,Godslove Nwabude Block.,56,75,2nd Half,4:05,False,2199,2024-11-08T18:49:57Z
401721020102964403,102964403,Defensive Rebound,Jalen Terry Defensive Rebound.,56,75,2nd Half,3:55,False,2199,2024-11-08T18:49:57Z
401721020102964501,102964501,JumpShot,Jalen Terry missed Jumper.,56,75,2nd Half,3:54,False,2199,2024-11-08T18:49:57Z
401721020102964901,102964901,Defensive Rebound,George Kalatzis Defensive Rebound.,56,75,2nd Half,3:50,False,2562,2024-11-08T18:49:57Z
401721020102965001,102965001,JumpShot,George Kalatzis missed Three Point Jumper.,56,75,2nd Half,3:49,False,2562,2024-11-08T18:49:57Z
401721020102965401,102965401,Defensive Rebound,Godslove Nwabude Defensive Rebound.,56,75,2nd Half,3:45,False,2199,2024-11-08T18:49:57Z
401721020102965501,102965501,PersonalFoul,Foul on George Kalatzis.,56,75,2nd Half,3:44,False,2562,2024-11-08T18:41:37Z
401721020102965502,102965502,MadeFreeThrow,Yusuf Jihad made Free Throw.,56,76,2nd Half,3:44,True,2199,2024-11-08T18:41:37Z
401721020102965503,102965503,MadeFreeThrow,Yusuf Jihad made Free Throw.,56,77,2nd Half,3:44,True,2199,2024-11-08T18:41:37Z
401721020102967801,102967801,Lost Ball Turnover,Matt Selmon Turnover.,56,77,2nd Half,3:21,False,2562,2024-11-08T18:49:57Z
401721020102967802,102967802,Steal,Dillon Tingler Steal.,56,77,2nd Half,3:21,False,2199,2024-11-08T18:49:57Z
401721020102968201,102968201,PersonalFoul,Foul on Matt Selmon.,56,77,2nd Half,3:17,False,2562,2024-11-08T18:49:57Z
401721020102968202,102968202,MadeFreeThrow,Dillon Tingler missed Free Throw.,56,77,2nd Half,3:17,False,2199,2024-11-08T18:49:57Z
401721020102968203,102968203,Dead Ball Rebound,Eastern Michigan Deadball Team Rebound.,56,77,2nd Half,3:17,False,2199,2024-11-08T18:49:57Z
401721020102968204,102968204,MadeFreeThrow,Dillon Tingler made Free Throw.,56,78,2nd Half,3:17,True,2199,2024-11-08T18:49:57Z
401721020102975701,102975701,JumpShot,Matt Selmon missed Three Point Jumper.,56,78,2nd Half,2:42,False,2562,2024-11-08T18:49:57Z
401721020102976101,102976101,Defensive Rebound,Jalen Terry Defensive Rebound.,56,78,2nd Half,2:38,False,2199,2024-11-08T18:49:57Z
401721020102976701,102976701,JumpShot,Mario Brunetto missed Jumper.,56,78,2nd Half,2:32,False,2199,2024-11-08T18:49:57Z
401721020102977101,102977101,Defensive Rebound,Matt Selmon Defensive Rebound.,56,78,2nd Half,2:28,False,2562,2024-11-08T18:49:57Z
401721020102977501,102977501,JumpShot,Aidan Wright made Jumper. Assisted by Matt Selmon.,58,78,2nd Half,2:24,True,2562,2024-11-08T18:49:57Z
401721020102977901,102977901,JumpShot,Mario Brunetto missed Three Point Jumper.,58,78,2nd Half,2:20,False,2199,2024-11-08T18:49:57Z
401721020102978001,102978001,Defensive Rebound,Siena Heights Defensive Rebound.,58,78,2nd Half,2:19,False,2562,2024-11-08T18:49:57Z
401721020102986101,102986101,LayUpShot,Matt Selmon missed Layup.,58,78,2nd Half,1:38,False,2562,2024-11-08T18:49:57Z
401721020102986501,102986501,Defensive Rebound,Dillon Tingler Defensive Rebound.,58,78,2nd Half,1:34,False,2199,2024-11-08T18:49:57Z
401721020102987101,102987101,Lost Ball Turnover,Mario Brunetto Turnover.,58,78,2nd Half,1:28,False,2199,2024-11-08T18:49:57Z
401721020102988501,102988501,JumpShot,N A missed Jumper.,58,78,2nd Half,1:14,False,2562,2024-11-08T18:49:57Z
401721020102988801,102988801,Defensive Rebound,Dillon Tingler Defensive Rebound.,58,78,2nd Half,1:11,False,2199,2024-11-08T18:49:57Z
401721020102989301,102989301,LayUpShot,Jalen Terry made Layup.,58,80,2nd Half,1:06,True,2199,2024-11-08T18:49:57Z
401721020102995101,102995101,JumpShot,N A missed Three Point Jumper.,58,80,2nd Half,0:48,False,2562,2024-11-08T18:49:13Z
401721020102995401,102995401,Defensive Rebound,Mario Brunetto Defensive Rebound.,58,80,2nd Half,0:45,False,2199,2024-11-08T18:49:24Z
401721020102996701,102996701,JumpShot,Mario Brunetto made Three Point Jumper. Assisted by Dillon Tingler.,58,83,2nd Half,0:32,True,2199,2024-11-08T18:49:57Z
401721020102997801,102997801,LayUpShot,N A missed Layup.,58,83,2nd Half,0:21,False,2562,2024-11-08T18:49:57Z
401721020102997901,102997901,Offensive Rebound,Siena Heights Offensive Rebound.,58,83,2nd Half,0:20,False,2562,2024-11-08T18:49:57Z
401721020102998101,102998101,JumpShot,N A missed Three Point Jumper.,58,83,2nd Half,0:18,False,2562,2024-11-08T18:49:57Z
401721020102998501,102998501,Defensive Rebound,Mario Brunetto Defensive Rebound.,58,83,2nd Half,0:14,False,2199,2024-11-08T18:49:57Z
401721020102999901,102999901,End Period,End of 2nd half,58,83,2nd Half,0:00,False,,2024-11-08T18:49:57Z
401721020102999902,102999902,End Game,End of Game,58,83,2nd Half,0:00,False,,2024-11-08T18:49:57Z
